20
2 100
1 2 94
1 2 61
1 2 68
1 2 54
1 2 2
1 2 3
1 2 4
1 2 40
1 2 73
1 2 18
1 2 88
1 2 22
1 2 70
1 2 63
1 2 18
1 2 87
1 2 63
1 2 26
1 2 40
1 2 28
1 2 32
1 2 8
1 2 40
1 2 55
1 2 69
1 2 12
1 2 75
1 2 84
1 2 14
1 2 58
1 2 52
1 2 33
1 2 54
1 2 22
1 2 63
1 2 11
1 2 78
1 2 10
1 2 4
1 2 65
1 2 72
1 2 56
1 2 82
1 2 99
1 2 59
1 2 36
1 2 37
1 2 37
1 2 23
1 2 2
1 2 34
1 2 28
1 2 81
1 2 57
1 2 27
1 2 57
1 2 63
1 2 67
1 2 47
1 2 62
1 2 69
1 2 5
1 2 31
1 2 98
1 2 69
1 2 14
1 2 35
1 2 30
1 2 78
1 2 67
1 2 31
1 2 32
1 2 75
1 2 70
1 2 78
1 2 43
1 2 62
1 2 20
1 2 18
1 2 22
1 2 8
1 2 50
1 2 67
1 2 50
1 2 69
1 2 93
1 2 50
1 2 85
1 2 79
1 2 53
1 2 54
1 2 58
1 2 49
1 2 6
1 2 52
1 2 22
1 2 85
1 2 93
1 2 73
1 2 95
95 50
85 92 82
8 72 3
69 87 13
44 93 99
21 80 35
6 40 72
39 57 33
14 27 35
26 70 96
27 71 25
40 63 24
46 63 99
5 56 96
50 71 76
16 81 62
42 75 15
14 40 98
10 63 85
78 83 67
9 27 42
4 47 16
58 90 87
17 49 65
34 68 50
38 56 30
27 38 53
55 94 63
6 51 77
73 93 17
23 43 89
67 93 85
72 83 19
31 65 39
34 91 67
33 82 80
8 33 38
4 56 18
10 18 92
81 82 50
61 89 33
41 74 64
67 74 82
13 66 22
13 68 53
40 49 36
36 78 17
44 83 45
72 73 47
53 66 45
24 44 78
46 58
14 24 99
5 18 97
14 27 87
30 44 23
18 19 37
13 18 44
7 10 86
18 20 39
16 30 31
17 20 86
2 46 71
27 39 54
21 36 95
29 33 100
37 43 21
39 41 99
33 34 21
8 38 93
2 3 92
11 41 87
4 9 94
18 40 93
9 44 31
4 19 37
30 44 93
6 28 19
15 18 43
8 14 94
23 30 42
9 42 56
5 39 79
17 29 12
10 40 23
7 29 4
33 37 11
1 27 84
39 42 85
23 33 90
5 10 97
7 19 24
12 15 34
26 40 49
2 44 96
38 46 93
11 35 92
21 25 75
14 31 95
15 30 99
33 37 54
8 13 77
18 41 46
23 32 75
17 23 17
4 20 2
3 14 5
28 41 48
35 37 70
1 21 63
100 100
26 35 85
1 50 9
36 48 93
52 73 52
21 33 56
64 89 98
73 82 89
76 98 81
57 93 58
15 47 42
12 34 19
62 95 39
69 90 38
5 16 83
76 89 11
57 83 28
71 85 37
1 36 78
71 75 3
22 26 47
57 73 57
1 48 21
57 61 69
6 19 6
31 36 11
25 43 21
18 40 38
51 58 16
67 68 43
17 28 18
30 50 19
41 45 71
73 97 87
54 63 11
69 92 76
19 40 13
2 41 72
80 96 95
5 25 93
57 58 94
1 10 72
12 41 80
74 92 65
65 66 85
5 31 71
79 95 44
7 46 74
15 41 83
72 80 56
24 40 38
63 78 16
10 32 76
70 72 33
66 85 23
25 46 5
73 91 73
17 50 5
32 49 18
71 89 64
89 96 67
65 88 41
69 95 46
75 99 36
73 88 76
20 50 100
10 30 12
15 22 36
14 27 52
91 93 89
12 20 87
8 25 26
1 15 85
73 83 69
73 93 23
78 96 2
65 70 60
5 50 52
76 84 51
20 27 32
7 21 13
57 67 90
6 11 39
67 100 16
38 48 94
53 65 41
24 45 8
71 78 70
27 35 70
24 27 54
16 27 10
15 27 97
57 95 77
61 92 83
83 99 97
4 36 60
76 77 82
8 31 38
74 85 86
72 79 49
4 10 41
39 25
21 28 12
6 26 18
25 29 7
6 13 7
2 18 62
14 20 60
12 36 26
4 33 76
9 15 26
3 29 37
10 25 50
12 20 56
4 20 69
1 3 26
20 33 24
5 11 31
1 23 48
11 19 34
16 17 68
24 33 89
2 9 65
23 39 16
3 16 70
5 26 4
6 39 43
60 42
44 56 75
4 38 44
49 60 94
3 4 95
46 55 40
27 52 42
34 57 22
12 55 17
52 57 56
15 41 68
56 59 37
5 40 33
17 25 65
46 50 33
37 53 52
51 58 68
1 12 22
23 44 54
13 35 25
10 51 14
9 47 55
8 58 70
21 48 14
26 58 43
23 34 3
37 51 33
3 38 44
5 12 71
15 58 29
31 43 79
23 39 37
51 54 44
17 49 70
5 6 78
18 48 100
35 59 82
43 58 44
15 35 19
21 34 8
10 11 69
25 43 35
49 51 21
56 9
30 33 13
10 45 31
21 24 81
39 48 1
16 44 6
46 56 33
14 22 86
15 30 17
9 54 40
50 83
29 39 15
32 48 18
17 34 63
20 36 45
32 47 9
4 29 11
2 44 34
33 46 51
32 33 33
24 43 25
4 12 19
25 28 55
25 42 82
1 43 69
6 14 74
27 34 81
18 36 54
36 41 1
22 38 57
3 46 57
37 45 34
23 46 60
43 46 42
37 40 10
13 26 60
15 40 63
32 41 38
6 42 9
22 28 77
6 12 39
27 28 77
10 45 33
1 14 74
21 47 70
42 48 99
6 42 30
7 35 30
25 38 95
6 22 91
1 50 93
4 30 51
10 46 56
19 22 8
15 20 13
40 50 15
6 27 10
7 30 47
27 39 4
27 35 78
16 29 37
4 10 38
27 39 7
9 35 43
4 50 67
7 12 5
45 49 89
18 44 26
23 34 21
11 46 15
6 25 83
28 42 50
43 45 10
30 47 54
1 40 66
7 41 4
15 26 1
15 44 40
10 11 66
2 49 23
21 44 29
2 43 5
22 34 57
28 35 42
23 32 65
11 14 67
19 27 83
8 17 42
33 49 67
12 20 17
1 44 50
3 8 27
18 22 27
20 38 71
96 1
64 75 22
41 67
14 27 17
6 7 84
6 11 12
6 9 37
35 37 45
19 21 34
4 13 33
20 38 15
3 41 20
16 24 32
15 28 67
7 16 41
23 26 39
1 31 50
36 38 58
15 24 84
26 28 33
8 40 48
7 35 92
4 35 13
1 2 11
16 23 39
1 26 24
19 30 15
2 24 14
18 33 75
14 27 13
14 18 30
9 40 63
34 35 15
3 25 26
8 33 81
23 36 7
18 19 100
33 40 95
15 17 86
20 33 36
14 18 61
2 35 84
8 40 67
14 27 88
3 23 73
18 24 82
1 34 11
12 19 96
26 39 64
21 29 50
16 29 19
4 36 37
27 39 72
2 30 59
6 36 48
4 38 31
4 40 85
4 15 92
24 36 49
36 39 32
6 33 83
14 34 6
17 28 63
17 19 50
26 37 87
4 26 76
11 39 35
17 25 99
4 22 19
23 33 56
100 100
9 51 35
46 76 42
25 73 62
21 52 4
14 58 77
43 91 41
22 95 87
4 84 20
33 95 72
46 64 44
18 85 97
5 62 66
11 79 83
18 70 53
50 73 4
12 76 10
22 58 26
5 91 61
29 98 66
20 92 57
37 70 14
3 65 20
41 74 73
41 96 48
1 89 98
10 67 32
16 54 94
1 93 7
22 93 18
25 90 9
28 54 35
9 52 29
9 68 75
2 84 86
26 100 23
34 70 38
22 80 93
47 55 19
6 77 97
43 59 20
41 84 70
6 51 11
34 69 33
2 94 36
29 87 1
49 81 30
1 94 5
43 71 70
26 81 55
50 77 72
22 54 94
20 54 94
1 84 9
14 53 8
13 72 26
10 76 46
44 82 2
47 57 47
28 84 14
46 56 98
33 59 49
37 75 61
36 74 47
27 69 63
25 72 78
21 76 79
47 69 78
3 80 75
17 77 97
4 52 54
18 79 7
32 55 57
18 52 34
22 80 50
8 99 14
10 54 29
48 71 65
46 66 33
43 52 30
37 94 98
39 96 60
49 64 37
40 100 98
30 63 87
20 99 41
23 96 48
38 85 67
18 76 99
48 73 43
37 80 42
38 62 22
13 95 62
29 56 39
23 67 2
29 54 54
30 77 50
43 58 14
28 65 52
36 71 5
19 88 67
6 2
1 3 2
4 6 1
40 75
11 36 91
22 30 92
11 37 64
27 40 67
21 39 99
5 29 97
8 30 58
14 35 56
1 14 90
35 36 39
12 26 82
8 31 37
5 16 92
22 27 75
16 26 24
12 18 97
14 33 76
10 29 10
17 36 67
28 38 11
4 34 45
19 24 52
27 32 63
25 37 85
1 10 25
19 28 50
5 16 17
8 17 81
22 33 26
7 10 84
11 15 12
24 27 66
24 37 62
6 20 22
32 38 55
17 20 98
10 11 85
20 32 91
13 28 19
18 31 27
27 38 42
20 27 3
13 38 17
12 19 46
11 15 61
2 21 59
23 34 23
2 19 64
6 9 77
3 4 51
18 34 15
3 11 100
31 40 46
23 24 34
24 27 79
26 32 91
22 40 68
6 35 71
16 18 94
7 24 62
21 29 88
22 27 52
11 23 68
12 19 26
1 19 56
4 6 36
11 37 46
22 36 33
28 39 37
8 31 59
7 26 49
10 32 50
9 14 100
10 17 68
12 28 7
36 100
3 21 96
29 35 79
20 24 70
11 34 73
5 7 1
12 13 87
33 34 40
12 19 51
4 25 22
8 35 27
31 32 29
34 36 52
18 31 8
16 25 54
10 17 60
18 20 3
13 15 2
28 30 93
8 20 81
5 34 86
26 31 17
14 29 9
23 31 94
5 33 53
13 20 43
9 18 89
19 22 72
7 22 3
28 30 19
1 21 93
5 25 41
12 20 23
13 33 58
5 33 90
6 15 62
22 33 77
27 29 4
1 6 34
24 26 80
6 17 32
8 30 65
25 26 14
25 35 70
3 23 24
17 22 48
17 19 65
26 32 93
5 18 39
3 24 70
28 29 29
4 26 29
6 22 63
22 34 71
5 35 71
8 15 50
25 36 35
13 14 50
5 31 62
23 25 44
3 19 14
7 17 49
3 12 11
4 28 53
13 14 52
15 23 60
14 27 5
2 12 1
2 11 89
1 6 20
1 22 3
7 20 12
8 18 3
9 32 40
8 9 59
5 12 10
22 28 45
31 35 19
1 10 42
6 19 48
25 28 63
11 31 34
11 21 5
13 23 21
2 25 12
29 34 72
22 28 38
21 29 50
9 13 82
23 33 39
4 26 43
8 16 97
3 14 78
23 33 57
9 29 97
2 5 38
22 35 14
3 20 51
12 23 12
10 33 2
10 18 43
16 34
2 14 65
2 3 91
3 14 4
6 10 87
4 10 92
9 12 58
7 12 34
5 6 96
5 16 52
12 13 45
1 10 44
2 16 63
3 10 100
1 2 97
7 11 93
8 10 55
2 10 55
2 16 16
1 2 41
5 12 63
4 11 56
7 15 58
14 16 32
3 12 84
4 13 13
2 10 100
2 14 37
1 2 51
1 3 23
9 11 70
4 10 99
3 14 20
1 15 59
9 11 94
100 100
8 38 70
22 98 70
36 91 72
37 100 92
22 91 74
24 26 3
41 48 15
37 72 74
60 94 92
10 56 66
13 53 55
69 82 61
34 100 87
20 86 23
23 46 48
55 61 8
55 57 20
15 22 79
2 32 86
70 99 56
43 49 66
19 38 65
3 13 85
55 56 13
72 83 9
41 55 92
1 12 8
23 86 86
88 96 98
1 40 100
68 83 29
56 82 6
19 36 49
29 90 65
44 90 53
63 89 54
65 90 26
87 95 22
20 68 47
60 66 17
23 100 9
29 100 68
4 72 60
67 68 1
18 98 70
53 57 29
10 36 19
41 97 73
29 77 59
42 80 97
77 79 27
15 56 89
47 79 97
13 21 8
41 46 63
13 18 15
11 91 28
71 96 36
61 97 40
7 42 13
58 95 72
38 80 16
28 39 53
67 73 94
20 67 6
70 91 61
83 88 21
38 96 72
28 94 86
29 98 53
59 72 8
26 46 6
87 96 46
19 82 68
46 70 77
53 59 69
35 82 68
17 61 22
3 33 19
68 80 59
48 63 29
23 51 52
36 66 4
26 63 48
22 52 51
13 75 49
49 94 72
40 93 48
34 47 44
33 36 64
25 72 1
29 31 46
15 65 90
2 26 59
92 100 23
13 18 88
11 37 84
50 77 68
25 36 82
55 66 98
6 2
1 3 1
3 6 1
10 2
1 7 2
6 9 1
35 17
22 26 83
17 18 92
17 33 87
13 20 58
9 17 48
2 9 29
17 25 25
13 27 16
7 11 1
17 18 28
12 23 35
7 28 92
14 34 49
22 29 100
9 31 28
3 13 96
3 12 17
74 91
4 26 26
26 38 82
8 64 59
36 45 39
40 59 89
13 65 35
2 33 32
1 72 11
14 57 34
19 56 87
42 60 54
3 74 4
6 14 81
4 20 86
6 16 69
29 51 8
1 53 12
10 59 100
50 58 6
5 72 93
6 13 88
56 67 9
41 71 40
3 29 33
61 67 62
29 30 80
34 53 11
52 62 93
2 57 57
53 55 27
36 38 32
7 27 76
59 62 70
29 48 95
48 56 79
9 18 100
42 63 53
26 69 63
61 66 33
20 44 1
20 31 46
23 68 34
3 14 26
55 60 44
47 66 11
1 22 62
12 46 23
20 54 52
31 64 75
15 35 75
9 59 2
24 71 70
26 28 7
38 50 20
2 38 31
65 72 3
22 30 48
4 19 7
44 62 54
43 64 9
9 16 57
28 66 14
18 36 16
45 63 62
27 33 53
10 52 11
1 23 6
31 32 69
15 74 72
63 67 29
32 63 65
27 31 92
4 19 47
4 35 76
3 20 82
17 37 73
12 18 47
2 32 85
40 68 22
23 52 35
13 56 10
48 59 29
32 50 76
42 72 49
37 38 17
32 41 59
51 62 57
62 73 28
10 58 24
5 29 56
7 30 54
