100
28 10000.0000 6.3410
0.0007 89.2534
9999.9991 15.4450
9999.9992 28.4417
10000.0000 26.2278
0.0002 6.3421
0.0006 84.5796
9999.9991 60.1879
0.0007 85.2182
9999.9990 61.7119
9999.9997 45.4789
9999.9996 7.7209
0.0007 93.5632
0.0010 70.7025
0.0006 85.8596
9999.9996 94.1265
9999.9991 30.1001
0.0003 86.9942
9999.9996 55.0985
0.0008 85.2945
9999.9995 38.2912
0.0004 67.9381
0.0002 87.0850
9999.9995 66.7476
0.0009 26.6611
10000.0000 81.3720
0.0006 83.1472
9999.9991 84.5443
0.0001 67.9514
40 9999.9990 69.4460
0.0009 67.1749
0.0010 78.0188
0.0011 35.9623
0.0011 58.1586
0.0003 12.9151
0.0009 9.0062
0.0005 69.5048
0.0006 74.9718
0.0009 96.9638
0.0006 97.7721
0.0006 69.4460
0.0002 18.9543
0.0009 14.7448
0.0010 48.1233
0.0010 82.1136
0.0009 23.1785
0.0011 44.8093
0.0009 7.1276
0.0003 93.4236
0.0007 8.0742
0.0006 46.0167
0.0005 50.0500
0.0005 95.3728
0.0008 66.2698
0.0006 43.2291
0.0011 67.7630
0.0006 13.6611
0.0007 0.7280
0.0009 49.5446
0.0010 26.8822
0.0001 65.6550
0.0008 3.3489
0.0006 73.4215
0.0008 21.4987
0.0005 7.2271
0.0002 98.9093
0.0006 39.0572
0.0010 23.6423
0.0007 86.5384
0.0005 84.6336
63 3423.0252 0.1000
6027.7468 47.7869
9827.2054 88.8592
9259.6885 36.2735
9185.6816 56.8595
9928.6226 92.5552
8412.3535 91.9501
4644.3032 84.0461
9550.7856 2.9638
470.8669 72.7530
4444.6149 69.1468
9979.4444 46.4214
4976.3051 12.7508
8782.6742 20.8127
3767.4349 94.4392
3895.8803 52.7374
3255.1897 87.5775
5123.9212 32.6402
1970.4017 73.7376
665.7404 26.4449
7885.3948 79.8153
7349.6353 86.6596
6973.0552 50.9752
4319.8060 4.0592
7730.1809 36.8134
8738.5170 13.0705
2859.1220 74.9298
3623.2513 83.2132
5022.1986 76.9502
4525.9419 52.7628
274.4778 64.6708
4930.6545 1.9909
6066.3938 22.7137
1242.5640 2.4947
3562.9003 20.4733
4500.0847 61.8986
796.1015 62.3954
4378.0468 79.8421
717.9203 26.9136
8316.0712 36.0380
2840.7038 72.0165
9267.5772 19.7684
1184.3279 19.9223
3371.5038 35.2174
998.1504 77.9549
6806.8853 3.7122
6085.3369 14.5739
7656.2613 30.5893
791.5518 29.1813
2365.2272 62.2926
7630.6405 24.5373
4101.8959 32.4101
9267.1178 35.9887
1173.0894 84.0457
6207.6443 62.2992
8895.9713 15.5992
2337.3824 78.5609
6957.8355 46.4801
2598.7851 25.8688
3175.3734 2.1072
4707.2603 0.1000
9183.1208 25.7134
2783.5712 68.6609
7147.3935 26.0965
16 9999.9998 59.3238
0.0006 91.6688
9999.9991 73.4808
0.0010 91.1144
0.0004 73.7656
0.0005 22.3311
0.0009 63.0233
9999.9991 82.8710
9999.9993 33.9595
0.0006 64.7813
0.0001 98.5139
9999.9993 23.4932
9999.9993 24.6045
0.0002 24.8804
9999.9999 28.7505
9999.9999 98.6772
9999.9993 53.2653
62 0.0004 2.0442
9999.9994 29.3927
9999.9998 55.2020
9999.9993 15.2946
0.0004 51.5803
9999.9998 37.8711
0.0008 28.8226
0.0010 44.9718
0.0009 44.0162
0.0008 43.4813
0.0002 76.1792
0.0008 22.8261
9999.9993 37.0479
0.0003 26.1382
9999.9990 13.4774
0.0002 46.5327
9999.9991 77.8591
0.0006 57.5292
0.0004 91.2056
9999.9991 93.7529
0.0002 90.6416
9999.9997 52.4524
0.0004 52.1782
0.0004 5.4313
9999.9991 5.5709
0.0009 52.7423
0.0001 98.2288
9999.9993 61.7512
9999.9997 2.0418
0.0005 7.0394
0.0002 19.2620
0.0007 58.6052
9999.9996 68.2951
9999.9997 33.2791
0.0005 84.5343
0.0009 31.2790
9999.9998 89.6164
9999.9990 75.4874
9999.9997 38.3918
0.0005 3.7209
9999.9996 34.1197
0.0010 26.0976
0.0008 78.2654
9999.9996 43.5251
0.0005 78.3123
9999.9994 30.7180
0.0008 39.9826
9999.9993 43.6447
0.0008 93.7270
9999.9993 3.7687
0.0001 85.6186
9999.9999 97.5989
0.0005 30.5664
9999.9991 81.4703
9999.9996 59.8259
9999.9994 49.5135
9999.9996 76.8866
9999.9990 89.7521
0.0010 5.0595
9999.9996 15.4240
0.0008 8.0888
9999.9997 6.7939
9999.9994 73.6726
74 0.0002 99.7183
0.0009 3.9006
0.0010 78.4850
0.0009 48.0596
0.0003 79.5919
0.0005 83.4909
0.0008 85.4527
0.0007 78.6367
0.0004 42.8315
0.0009 54.4549
0.0005 40.0315
0.0007 92.4729
0.0011 6.5896
0.0008 88.7682
0.0002 37.9816
0.0003 76.0350
0.0003 81.1519
0.0007 62.2017
0.0008 9.5295
0.0003 71.7845
0.0001 77.1071
0.0003 88.8586
0.0003 42.3197
0.0009 47.2853
0.0011 93.8688
0.0003 61.8001
0.0010 59.3527
0.0005 15.4881
0.0003 33.2406
0.0008 23.4192
0.0006 7.5895
0.0003 84.2582
0.0007 22.8836
0.0003 35.9159
0.0008 74.3232
0.0006 69.8652
0.0003 99.7183
0.0010 83.1313
0.0007 19.3527
0.0001 85.1176
0.0009 52.1114
0.0006 61.6383
0.0010 72.0582
0.0005 88.3890
0.0005 91.4031
0.0009 54.3813
0.0009 17.9768
0.0009 2.2507
0.0010 24.7004
0.0009 87.9313
0.0008 95.1779
0.0010 26.6194
0.0002 22.7440
0.0010 31.4988
0.0005 30.8101
0.0010 16.0116
0.0010 78.2293
0.0003 34.8146
0.0005 64.5647
0.0008 8.5764
0.0006 79.4850
0.0008 49.6574
0.0002 7.7750
0.0004 82.4207
0.0010 62.1533
0.0010 29.5265
0.0002 48.3893
0.0001 52.6041
0.0010 59.9860
0.0009 95.8556
0.0011 15.1933
0.0002 50.2784
0.0009 98.1400
0.0008 58.8173
0.0005 46.6154
87 0.0003 98.4824
0.0009 54.7994
9999.9998 3.7161
9999.9995 27.7400
9999.9992 76.2552
0.0003 97.9815
10000.0000 67.6768
0.0004 8.8266
9999.9993 24.3917
9999.9994 60.0490
9999.9993 49.5188
9999.9995 16.8492
9999.9995 2.1912
0.0010 24.8697
9999.9995 5.4829
9999.9990 62.3953
0.0002 74.2122
0.0007 33.3629
0.0005 94.0659
0.0008 45.3292
9999.9994 3.2177
9999.9990 55.5123
0.0008 17.7292
9999.9991 18.3924
0.0009 44.4604
0.0002 17.0058
0.0005 66.8664
0.0007 49.5832
9999.9992 95.6624
9999.9991 52.8933
9999.9994 60.4700
0.0009 81.7074
0.0006 68.8446
9999.9998 8.6629
0.0005 98.1626
0.0006 97.8345
9999.9996 64.3140
0.0009 78.5218
0.0010 13.7378
9999.9997 62.0401
0.0007 27.6063
0.0004 50.9383
9999.9993 22.1016
0.0002 3.5317
0.0005 21.2750
0.0006 79.7383
9999.9997 69.3709
9999.9995 26.3598
0.0007 99.4574
0.0001 34.5363
0.0007 60.4734
9999.9997 97.1061
0.0003 16.1610
9999.9990 56.1801
9999.9999 42.9031
0.0007 85.1675
0.0009 95.0472
9999.9997 1.1493
9999.9993 25.8453
9999.9993 62.3652
0.0003 77.5548
9999.9996 92.0220
0.0009 74.7389
9999.9998 29.7405
9999.9990 44.7979
0.0007 48.9357
9999.9997 33.4341
0.0011 64.3370
0.0010 20.3033
9999.9993 24.3982
9999.9990 78.3541
9999.9995 67.3857
0.0006 57.1316
9999.9995 19.3813
9999.9999 62.9129
9999.9998 34.4796
0.0007 9.1042
9999.9997 14.7487
0.0006 88.8959
0.0010 62.1992
0.0008 49.9277
9999.9994 34.6678
0.0003 83.6594
0.0007 98.3675
0.0006 32.3102
9999.9996 36.1864
0.0002 82.6173
9999.9996 63.1225
2 100.0000 88.3983
0.0001 88.3983
99.9999 88.3984
81 385.0259 99.3173
394.8535 98.7090
2467.6549 0.2999
2129.1173 6.1948
9802.6768 9.6192
2566.4067 90.8561
3768.7970 95.6087
8732.6770 4.6279
7494.8384 3.0000
6947.4096 99.3263
8937.5844 6.8106
5218.6340 90.0585
159.5308 10.0210
7552.0679 94.6456
7191.6947 92.1234
7910.4016 94.2232
7705.4953 1.0207
2332.7279 95.0239
7239.4630 7.1863
1477.1813 97.4488
4124.2109 9.1694
9347.0223 93.0754
7724.8942 91.9269
6897.7755 2.3202
7065.4113 91.0150
6743.0526 1.3725
7696.5359 8.6774
5145.3094 9.4807
8430.5942 0.8243
1699.3994 6.1800
6452.2183 93.4681
9979.4373 95.7223
3740.3066 0.5766
3167.6101 98.0738
3852.6042 5.7852
6764.2820 8.5845
3422.3529 8.5720
130.3202 0.1311
2030.3244 98.0223
3340.1680 95.8653
3590.0105 6.2039
755.6270 6.5371
8633.3569 90.6979
4163.7602 3.4707
740.5729 93.4835
5746.4029 94.7133
8232.1585 95.0809
5203.3216 91.0948
2275.4781 7.4063
5064.4747 4.5682
8828.9610 2.2030
9014.0308 7.5057
652.8193 6.7607
3172.4270 90.3728
8732.6349 0.7008
927.7749 90.2284
344.5293 3.1459
6339.0327 97.3065
1849.5037 4.8664
3411.7105 7.7105
2120.7229 0.2785
7069.8225 5.6427
8219.1988 6.8871
7313.9202 6.4471
927.6774 95.2805
5937.5605 99.2167
9718.6021 5.2079
2164.6725 95.8481
3729.8689 94.3796
7089.4772 99.3085
5899.3489 2.4137
5466.7239 4.6500
2287.6548 95.2146
8612.2012 7.3578
5992.1175 96.7104
7748.2089 96.2494
7965.1450 90.0498
7623.8297 91.2147
998.0391 91.6032
3961.4464 9.5041
1910.1628 4.8478
4422.9299 9.7853
50 0.0003 0.1624
9999.9996 20.4580
9925.0389 92.1120
8593.3464 71.4431
0.0005 68.5917
9999.9993 24.8170
9866.0175 16.1040
0.0011 83.7977
10000.0000 29.8047
0.0006 6.7807
1016.0703 2.2244
9999.9999 16.5934
9237.6403 36.8182
0.0007 71.3398
9999.9996 73.6592
6145.3802 54.1782
4887.4780 57.8673
9999.9993 86.4641
10000.0000 34.0372
2070.3600 68.4848
0.0004 52.3371
0.0002 91.4275
0.0009 33.1225
10000.0000 10.4159
9999.9998 75.5340
6723.0043 12.0664
9999.9994 95.0074
0.0010 48.7689
9999.9991 49.9153
0.0002 42.5908
9999.9992 99.7192
7930.7936 94.4923
9089.8821 12.9685
7353.3834 28.5185
0.0011 85.7679
0.0006 12.0808
9999.9998 13.8081
5589.9508 5.1254
0.0004 51.0899
9999.9998 23.4197
0.0010 63.9735
0.0003 66.9651
0.0008 8.0825
9008.3396 61.2661
0.0010 20.5725
9999.9991 97.1830
10000.0000 46.1994
1141.3836 13.6773
0.0005 30.8825
9999.9995 0.1624
2069.0613 82.4433
28 0.0002 1.1486
6582.7409 25.1430
1057.9078 70.4934
4525.2820 86.0414
0.0002 47.5016
0.0006 15.9728
0.0009 86.5534
8347.8676 13.1138
9999.9998 73.8039
9386.3024 69.5468
8767.2485 66.5695
8481.0942 1.1471
9999.9995 37.4900
9999.9992 92.4296
0.0005 11.0331
0.0003 72.7017
9999.9997 47.0936
0.0004 1.2191
2944.7153 66.4335
9999.9991 22.1167
6138.5159 48.1128
0.0007 5.8232
7616.9219 56.8598
0.0009 67.1335
0.0008 76.7738
9999.9996 47.9972
9999.9996 24.8220
9999.9992 53.7689
9999.9991 73.7402
32 5740.4258 99.9000
6403.0544 15.5599
175.7533 26.1609
5347.7171 46.1549
3359.8580 22.8789
232.1984 69.5163
790.1471 20.9660
9910.3069 66.3374
6673.8021 55.5032
5617.2735 58.7723
554.0566 30.3932
2502.1614 5.0563
1415.5369 51.2527
8414.3382 13.7455
6475.7301 88.3995
8371.6376 8.3755
1378.1498 43.3567
5829.3972 49.2621
2114.2021 46.5707
9995.2815 65.6799
1760.1143 14.7960
6470.5822 14.0811
97.7130 30.8521
8837.9674 99.7065
1550.8829 5.0275
6355.7896 64.2537
7581.8550 97.2508
7319.3832 66.3475
4127.5736 32.5679
5638.8059 99.9000
663.7228 40.5062
4704.8739 94.6595
7464.1456 58.0239
100 6759.2598 82.6882
0.0038 82.6882
0.0007 82.6882
0.0078 82.6882
0.0046 82.6882
0.0079 82.6882
0.0043 82.6882
0.0023 82.6882
0.0099 82.6882
0.0040 82.6882
0.0033 82.6882
0.0010 82.6882
0.0089 82.6882
0.0006 82.6882
0.0085 82.6882
0.0001 82.6882
0.0036 82.6882
0.0048 82.6882
0.0020 82.6882
0.0005 82.6882
0.0064 82.6882
0.0039 82.6882
0.0069 82.6882
0.0009 82.6882
0.0070 82.6882
0.0051 82.6882
0.0066 82.6882
0.0031 82.6882
0.0094 82.6882
0.0018 82.6882
0.0049 82.6882
0.0068 82.6882
0.0041 82.6882
0.0024 82.6882
0.0091 82.6882
0.0071 82.6882
0.0002 82.6882
0.0011 82.6882
0.0086 82.6882
0.0062 82.6882
0.0098 82.6882
0.0015 82.6882
0.0019 82.6882
0.0028 82.6882
0.0022 82.6882
0.0092 82.6882
0.0013 82.6882
0.0035 82.6882
0.0012 82.6882
0.0065 82.6882
0.0072 82.6882
0.0082 82.6882
0.0014 82.6882
0.0032 82.6882
0.0004 82.6882
0.0027 82.6882
0.0090 82.6882
0.0083 82.6882
0.0100 82.6882
0.0060 82.6882
0.0045 82.6882
0.0081 82.6882
0.0029 82.6882
0.0063 82.6882
0.0016 82.6882
0.0042 82.6882
0.0087 82.6882
0.0074 82.6882
0.0075 82.6882
0.0055 82.6882
0.0044 82.6882
0.0053 82.6882
0.0025 82.6882
0.0037 82.6882
0.0057 82.6882
0.0021 82.6882
0.0076 82.6882
0.0088 82.6882
0.0008 82.6882
0.0056 82.6882
0.0084 82.6882
0.0030 82.6882
0.0080 82.6882
0.0097 82.6882
0.0077 82.6882
0.0050 82.6882
0.0017 82.6882
0.0061 82.6882
0.0058 82.6882
0.0047 82.6882
0.0034 82.6882
0.0059 82.6882
0.0096 82.6882
0.0093 82.6882
0.0067 82.6882
0.0052 82.6882
0.0026 82.6882
0.0073 82.6882
0.0095 82.6882
0.0054 82.6882
0.0003 82.6882
73 0.0001 51.0516
9999.9994 1.5998
9999.9992 30.0308
9999.9992 88.9201
9999.9996 50.2584
9999.9996 98.7090
10000.0000 99.8583
0.0004 85.6441
9999.9998 90.0776
0.0005 16.0118
0.0003 91.0405
0.0006 5.0885
0.0008 1.6145
9999.9993 23.5471
0.0003 75.6349
0.0010 29.7361
0.0003 45.5806
9999.9996 95.9511
0.0007 67.8806
9999.9999 62.4429
0.0002 88.2213
0.0009 28.2673
0.0002 59.0631
0.0007 43.1083
9999.9990 13.3898
9999.9993 56.1360
9999.9999 17.4311
9999.9991 90.8129
9999.9993 97.0800
0.0007 56.7443
0.0006 53.8403
0.0010 58.4615
0.0005 74.2561
9999.9991 59.8306
9999.9998 44.6095
9999.9996 83.1795
0.0001 22.7468
0.0006 71.6253
10000.0000 46.4339
0.0008 65.6447
9999.9999 11.0398
9999.9992 12.9741
9999.9998 31.0837
0.0003 79.0242
9999.9990 22.8347
9999.9998 27.8118
0.0011 6.7398
0.0010 64.9828
0.0007 92.1203
0.0009 40.8508
0.0010 7.2414
0.0007 46.8282
9999.9993 84.5725
0.0005 60.1097
9999.9990 81.2903
0.0002 78.7010
9999.9996 21.9847
0.0010 9.5662
0.0004 72.0397
9999.9997 71.9543
9999.9992 21.7619
0.0008 82.8436
9999.9998 67.8823
9999.9994 36.5367
0.0010 61.9244
9999.9993 10.9995
0.0008 3.8036
9999.9997 14.8078
0.0003 41.5627
9999.9990 2.5565
9999.9992 50.7555
0.0003 96.5815
9999.9999 79.6037
9999.9994 40.8871
75 0.0008 98.7880
9999.9991 28.7964
9999.9996 74.2881
9999.9998 34.1558
9999.9992 11.6310
9999.9997 32.4508
9999.9992 96.3055
9999.9996 65.4520
9999.9999 20.1028
9999.9991 69.0512
9999.9998 63.4875
9999.9993 33.2348
9999.9990 10.3423
9999.9991 21.6881
9999.9996 22.6387
9999.9995 17.1814
9999.9995 37.2937
9999.9998 62.1750
9999.9997 99.5494
9999.9997 54.1823
9999.9996 16.1996
9999.9992 86.8613
9999.9994 11.4009
9999.9994 81.7408
9999.9999 33.6390
9999.9991 32.3463
9999.9995 25.5452
9999.9994 29.7018
9999.9992 41.0851
9999.9996 24.7873
9999.9994 56.3423
9999.9999 92.8958
9999.9992 53.2006
9999.9999 96.4596
9999.9993 76.5352
9999.9996 36.3138
9999.9993 29.4224
9999.9991 51.9086
9999.9990 26.8343
9999.9995 62.5424
9999.9991 0.8560
9999.9999 20.0725
9999.9996 83.8480
9999.9992 85.0420
9999.9998 78.7123
9999.9996 24.6827
9999.9995 56.3738
9999.9994 21.7904
9999.9992 65.2283
9999.9998 67.9389
10000.0000 74.3652
9999.9995 29.3314
9999.9994 37.2896
9999.9993 39.1752
9999.9992 89.8645
9999.9993 33.1648
9999.9990 57.5942
9999.9994 35.5217
9999.9997 85.0201
9999.9992 3.3930
9999.9997 38.9765
9999.9993 99.6296
9999.9997 85.9357
9999.9991 73.3649
9999.9992 76.7467
9999.9996 83.5868
9999.9996 68.9106
9999.9999 42.8719
9999.9993 63.5689
9999.9999 25.6649
9999.9994 73.8428
9999.9993 49.3829
9999.9995 93.0895
9999.9991 31.9546
9999.9995 55.0593
9999.9997 35.3839
88 9999.9998 0.9265
0.0008 0.9265
9999.9998 97.6363
9601.4379 24.7141
0.0005 96.5590
0.0009 51.7781
0.0010 2.2102
9999.9997 49.0078
0.0006 74.9733
9999.9996 60.4199
0.0010 12.3208
2463.8973 64.4670
8763.1491 75.8774
0.0006 50.5628
9999.9995 4.6617
7630.4655 41.3176
2153.3174 63.9996
0.0007 14.9786
5980.0925 15.0409
9999.9995 87.4751
9999.9996 9.4633
0.0006 60.3354
6075.3987 27.7999
7904.5259 97.8536
9999.9991 42.1147
9999.9992 84.7930
9520.2273 26.8002
0.0002 93.2266
0.0002 71.9123
0.0004 34.2024
6131.2095 86.6313
0.0006 5.3258
4411.0176 69.2310
9999.9991 83.4379
9999.9990 56.1482
2559.8549 13.8711
6361.9507 3.6501
9999.9999 86.1084
0.0002 76.7760
6035.5787 70.5365
9999.9994 29.9607
0.0005 91.7097
0.0006 20.9119
9999.9998 7.8417
9999.9996 48.5144
9999.9992 24.7320
9999.9993 68.5242
9999.9999 20.5079
0.0008 36.9751
9999.9996 19.0723
1692.6930 12.5769
8211.2904 64.5207
0.0008 95.0465
6203.7788 8.6721
0.0010 39.8888
9999.9992 60.2428
0.0007 31.2730
9999.9994 40.6800
9999.9996 57.6474
0.0001 11.9189
0.0001 44.8950
9999.9993 3.1312
1824.0984 85.9663
0.0010 74.7869
6462.4485 20.0210
724.9500 16.6442
5028.0415 91.2785
9999.9997 77.6550
0.0004 7.9024
8313.7196 87.9915
0.0005 68.8579
9999.9997 27.0950
9999.9993 80.5546
0.0003 73.8049
9004.6007 39.3115
9999.9996 55.8421
3609.6207 22.1414
9924.3087 8.9201
265.2046 36.0080
3836.9329 51.1022
9999.9991 11.3218
0.0008 13.2434
0.0007 50.6007
9999.9998 69.9589
9999.9995 92.8898
0.0003 56.8561
9999.9993 6.7001
5440.0044 95.2679
144.6396 25.7575
2 0.0001 0.1001
0.0001 0.1003
0.0001 0.1000
1 3725.1155 64.7999
7647.2968 64.7999
23 9999.9997 4.1309
0.0009 49.9857
0.0002 64.8153
0.0006 86.7788
0.0011 55.6095
0.0004 64.3501
0.0004 30.3855
0.0009 47.4384
0.0009 81.4792
0.0002 29.4640
0.0002 82.1329
0.0009 86.1096
0.0001 92.0718
0.0008 24.3536
0.0007 61.9135
0.0004 29.2279
0.0004 4.1254
0.0011 54.5558
0.0007 39.9720
0.0009 23.5890
0.0004 78.9756
0.0008 74.6148
0.0009 96.4320
0.0005 64.1717
15 8636.4458 98.2897
4872.1409 5.7443
7927.9574 97.8491
3560.2606 92.2214
1116.1362 7.2915
4518.5262 9.8388
2276.8311 96.7389
5226.0816 99.6338
4473.7605 93.3617
9215.9822 92.0304
5197.5386 92.4037
3643.8829 5.1381
8278.5693 95.6276
6857.3398 6.0817
2450.0203 9.3719
7233.6691 8.1610
6 0.0007 86.2475
5524.8500 50.5285
0.0009 29.4068
9999.9994 8.7225
0.0009 86.8530
9255.4381 27.3245
9999.9992 61.4834
84 9999.9991 48.2094
10000.0000 34.6157
0.0010 10.9431
3336.7725 96.0123
10000.0000 64.5587
9999.9997 18.5402
8213.4194 72.7511
7708.5064 19.5668
9999.9998 15.7868
525.0288 55.8816
8644.9395 13.3262
2987.2777 59.8831
9999.9996 55.5187
9926.8731 53.2570
10000.0000 17.3936
0.0006 26.1886
9999.9996 66.9480
0.0006 24.0544
3009.8551 25.4328
0.0004 15.2297
0.0005 60.1404
9999.9997 34.4470
6612.1941 4.6182
9999.9999 86.4416
0.0009 7.1477
0.0011 39.7945
9999.9992 31.6672
0.0009 91.2622
2353.0222 12.3118
0.0008 36.5572
9999.9991 63.6368
0.0001 19.5043
5974.4102 68.9172
7453.3052 97.3161
0.0008 36.4862
9999.9992 51.7435
603.7751 27.4026
9815.9233 85.9382
0.0008 98.6553
0.0002 64.1157
4626.2058 21.6570
0.0010 22.1277
0.0007 20.4448
7656.1840 31.3378
9999.9991 74.2212
9999.9990 44.1979
0.0010 40.7678
0.0001 11.1338
9363.4986 71.8840
1898.9087 95.2725
5226.3752 33.4483
9999.9992 6.7686
9999.9995 16.4143
0.0010 95.6085
0.0004 68.7265
9999.9998 67.1895
5262.1094 51.9257
0.0008 61.4492
0.0011 39.1245
0.0009 69.1917
9999.9993 61.2949
9999.9993 42.4759
9999.9993 41.7341
5966.1258 33.6745
0.0003 70.6628
0.0004 29.6354
9999.9999 73.2831
0.0003 18.6122
9999.9998 78.1672
9999.9992 67.4381
9999.9998 59.4299
1048.8223 71.3626
9999.9994 45.6700
9999.9999 32.1904
0.0007 46.2515
6205.0044 26.3013
4149.9337 86.8592
0.0010 83.5919
0.0003 87.1315
5024.5755 36.9792
9999.9996 80.3774
1627.3267 44.6738
9685.8993 15.5261
3939.7808 63.5595
9999.9996 45.8258
2 100.0000 65.1586
0.0001 65.1587
99.9999 65.1586
85 0.0001 51.6540
5635.7439 36.1387
7834.9651 57.5069
2427.2216 59.8734
7880.6069 69.8021
5174.4184 90.9165
6534.4890 37.0294
3231.4560 81.2912
6452.0555 8.9610
5768.8108 16.9095
7298.7781 38.4663
2279.4522 48.2397
3350.8352 14.7743
914.5688 13.3962
7576.9843 76.1682
7889.3273 26.1756
1365.0231 80.7423
782.7347 65.6048
3177.8022 86.7871
9607.2259 11.5731
7781.9193 69.9707
5349.4797 51.3616
2857.1788 98.8732
482.7994 3.4807
4593.6230 18.8268
5318.1222 5.4727
7074.0457 71.9307
965.1837 55.0142
3458.6583 46.5733
5843.7285 84.6162
1314.8860 28.2214
3283.3172 50.8508
2799.5253 69.5067
2055.5715 75.1805
844.8778 62.2694
4906.1303 35.7815
3850.0330 81.4733
9458.0353 51.1525
6546.7979 72.6502
3289.6740 99.8272
5899.1651 42.0115
7300.0368 29.3926
1151.7612 67.4890
5683.5401 20.5352
8892.2297 92.3892
9533.0551 93.3256
3480.1437 36.1465
579.5961 53.8845
2771.0253 12.0620
4797.5887 18.9988
6470.4727 87.4322
1280.2661 78.0362
2061.4576 40.3858
5203.9287 39.9294
4241.9226 32.6140
273.5101 64.8125
6976.2009 97.5560
9263.4647 86.2573
5771.3231 70.7009
910.2074 29.3794
1566.5454 50.2517
3223.3077 96.3267
4090.6742 34.2633
2485.4549 36.1531
5262.3572 91.2318
4362.0248 33.1451
1639.8045 41.3878
3364.8018 52.2341
9138.5568 25.6639
8935.5136 26.2129
675.6554 16.5735
2840.3762 96.0724
117.2191 98.0457
9295.9027 51.0003
8180.7252 11.6913
4648.6473 56.0114
9860.7505 49.0124
8718.9324 37.8375
7385.5854 36.5929
5682.3784 15.7889
3711.1586 59.3005
3888.7219 13.3302
32.6593 24.1939
3666.4538 34.9127
1180.8261 38.3218
8345.2337 95.0096
16 9999.9994 41.7492
0.0010 30.4966
0.0006 24.8016
0.0010 82.3795
0.0004 27.9659
0.0005 67.0288
0.0002 5.4236
0.0004 64.5386
0.0011 12.1953
0.0011 61.3974
0.0005 58.6586
0.0006 1.2130
0.0008 17.7066
0.0005 59.0668
0.0005 23.4581
0.0002 64.8610
0.0010 66.7959
100 9823.8358 58.6312
0.0010 0.1878
10000.0000 91.2129
0.0003 9.6904
9999.9999 8.9534
0.0007 90.5273
0.0004 0.2661
9999.9992 0.3723
9999.9999 96.7604
0.0002 5.2942
0.0007 92.6573
0.0003 95.8790
9999.9998 7.6719
0.0006 97.8398
9999.9994 4.9253
9999.9999 4.5905
9999.9997 7.9058
9999.9992 94.1277
0.0007 5.8663
0.0009 93.7006
0.0001 0.3426
9999.9993 94.8917
0.0001 96.5101
9999.9995 91.4938
0.0010 8.6721
0.0003 90.1026
9999.9995 90.1802
9999.9993 94.0427
9999.9992 92.3923
0.0006 91.6260
0.0003 5.9571
0.0004 90.1668
9999.9994 6.4450
9999.9998 98.1091
9999.9995 1.0648
0.0002 92.8141
0.0009 95.8904
0.0005 90.0988
0.0009 97.6319
9999.9994 7.0853
9999.9990 7.1458
9999.9998 93.0554
0.0004 9.6028
0.0004 90.0864
9999.9990 91.0258
9999.9997 96.2632
9999.9995 99.8681
0.0009 93.8092
0.0010 3.4069
9999.9990 94.9507
9999.9993 99.0980
0.0005 99.0674
0.0010 5.6397
9999.9995 91.1276
0.0010 96.2025
9999.9997 5.9194
9999.9996 94.1612
9999.9996 8.6391
0.0006 9.2690
9999.9997 2.7737
0.0008 4.2348
9999.9995 95.6347
9999.9997 92.9670
9999.9994 97.7479
9999.9993 4.3773
0.0003 1.7109
0.0007 2.6386
9999.9994 91.6479
0.0004 98.9332
9999.9994 90.7070
0.0007 4.6488
0.0006 0.6522
9999.9993 96.3838
0.0008 99.7471
9999.9999 94.2437
0.0004 5.6633
9999.9997 6.5701
0.0004 8.5518
9999.9991 90.0361
0.0011 91.2659
0.0009 6.6506
9999.9994 99.5646
9999.9995 92.9195
0.0004 95.7591
9999.9998 98.6019
0.0003 95.1447
0.0003 0.6409
9999.9991 2.7623
0.0011 7.7325
9999.9994 90.1443
0.0010 97.0967
9999.9993 93.3661
9999.9990 7.4904
0.0005 1.6184
0.0004 3.3981
0.0002 4.7285
0.0007 92.1348
9999.9993 5.0361
9999.9993 4.5306
9999.9999 0.5757
0.0001 91.3553
86 939.2125 6.0077
9999.9993 90.3243
9999.9991 7.6273
0.0003 94.9207
0.0002 2.9251
9999.9998 92.7420
9999.9999 7.6704
9999.9998 90.2490
0.0005 1.9461
9999.9992 8.7499
0.0005 7.5254
9999.9992 95.8920
9999.9992 99.1781
0.0005 96.1908
0.0009 0.2695
0.0005 7.0587
9999.9994 90.2318
0.0007 0.1780
9999.9998 3.2569
9999.9996 99.1896
9999.9998 94.7355
9999.9997 4.2215
9999.9995 94.9190
9999.9994 93.1191
9999.9992 97.6236
0.0008 99.6562
9999.9995 6.8629
0.0007 0.6838
9999.9997 94.2685
9999.9998 5.6286
9999.9992 98.4569
9999.9991 9.6384
9999.9997 97.3097
9999.9999 6.6165
0.0003 99.4538
9999.9999 4.9067
0.0009 93.8015
0.0008 98.5003
9999.9999 6.9435
9999.9994 9.7217
9999.9991 90.2371
9999.9997 9.2643
0.0003 93.5464
0.0005 94.7272
0.0002 7.5020
0.0004 6.5991
0.0009 2.8777
9999.9994 5.7443
0.0002 3.7299
9999.9997 93.3387
9999.9994 93.6365
0.0007 91.4232
9999.9990 4.7925
9999.9998 90.5789
9999.9995 4.5397
9999.9990 92.1335
0.0001 96.7530
0.0006 99.5086
0.0001 5.3469
0.0003 9.0979
0.0007 9.7761
0.0002 91.6421
0.0002 91.4804
0.0007 91.3132
0.0005 8.2968
0.0004 7.5511
9999.9999 92.5600
0.0003 90.4200
9999.9995 6.9111
0.0002 98.9376
9999.9991 1.2176
0.0005 4.4691
0.0007 9.8008
0.0006 8.8826
0.0004 5.1809
0.0011 97.9093
9999.9993 98.5782
9999.9992 3.6739
9999.9994 99.3834
0.0011 7.1072
0.0007 6.9444
0.0003 91.2316
9999.9993 93.3391
0.0006 1.0000
0.0001 3.5656
0.0001 91.5051
9999.9992 2.1655
16 6699.6408 2.0478
6830.1277 92.9997
1211.4496 97.8137
8747.3905 2.8979
637.5900 96.3939
1479.6906 94.3003
3059.6510 9.5007
9444.5678 92.9879
1058.7096 99.5127
4102.0341 0.5502
8588.3383 99.0651
9944.1563 91.2138
1598.9332 1.2388
7506.5913 92.4530
5430.7807 97.7447
9983.5590 94.9528
4597.1072 91.0791
45 0.0004 47.0691
0.0005 8.3024
967.0736 35.1127
0.0005 90.4673
0.0002 88.5880
0.0002 56.8484
954.7558 49.5744
9999.9999 35.6386
9843.6808 92.9890
0.0007 35.2845
0.0005 9.8527
7377.3110 87.9590
1146.7780 7.1566
9999.9993 48.3279
0.0006 52.6497
9389.1651 38.1716
0.0006 24.0987
9999.9999 61.6823
0.0001 26.6520
7296.7942 70.2212
0.0004 37.3688
5734.5369 68.8562
9999.9992 23.7614
3087.4671 29.1714
9999.9995 49.5701
9999.9999 76.9341
4036.1243 21.7122
0.0009 20.6399
10000.0000 43.5310
0.0005 91.1401
9999.9999 8.5575
9999.9997 29.4526
2288.2079 43.5784
9999.9996 94.6960
1279.6746 90.3498
1892.1149 54.5765
9999.9995 64.6335
9999.9992 31.0582
10000.0000 73.6680
0.0004 6.2529
9999.9998 54.9809
0.0009 18.4299
1496.9169 21.9391
7706.4183 10.4385
9999.9994 60.4598
0.0010 72.7758
20 0.0002 3.8471
9999.9991 28.5129
9999.9996 68.3318
9999.9996 78.6592
10000.0000 66.1905
9999.9993 46.6754
9999.9997 28.8070
9999.9995 22.1059
9999.9994 49.3598
9999.9998 82.1772
9999.9993 18.2087
9999.9996 5.9927
9999.9999 50.7696
9999.9999 3.8427
9999.9995 52.0707
9999.9996 20.6373
9999.9990 30.5121
10000.0000 99.8542
9999.9996 58.3903
9999.9997 70.8639
9999.9998 89.7659
1 10.0000 50.0000
0.2000 50.0000
78 9999.9992 19.6283
9999.9993 80.6511
9999.9991 13.0514
9999.9994 26.5687
9999.9994 27.5577
9999.9997 89.4086
9999.9998 82.5103
9999.9991 64.7995
9999.9998 6.8113
9999.9995 56.1294
9999.9999 10.4976
9999.9991 74.6895
9999.9994 86.0100
9999.9991 88.4168
9999.9994 82.5739
9999.9992 6.4041
9999.9997 89.6301
9999.9995 31.1427
10000.0000 20.5308
9999.9999 77.0415
9999.9998 57.9588
9999.9991 14.2291
10000.0000 83.6192
9999.9999 6.0590
9999.9998 96.4464
9999.9999 8.2960
9999.9993 96.7561
9999.9992 45.2633
9999.9997 0.9323
9999.9996 51.9515
9999.9994 70.1354
9999.9993 53.4869
9999.9995 79.8434
9999.9996 19.6283
9999.9992 41.0126
9999.9997 97.1024
9999.9995 30.3085
10000.0000 0.6019
9999.9993 56.4039
9999.9994 79.7215
9999.9997 66.3288
9999.9998 69.7336
9999.9991 31.3966
9999.9994 78.6625
10000.0000 87.7130
9999.9992 25.1307
9999.9998 99.2800
9999.9990 68.6326
9999.9997 17.3331
9999.9998 87.8011
9999.9993 85.8713
9999.9992 94.6703
9999.9998 1.9789
9999.9997 72.1265
9999.9997 49.5873
9999.9993 53.7130
9999.9998 15.5743
9999.9998 92.3042
9999.9995 11.7746
9999.9997 74.4298
9999.9990 83.8373
9999.9993 17.9277
9999.9991 24.5673
9999.9991 65.2060
9999.9992 74.6184
9999.9996 12.6648
9999.9998 85.1135
9999.9993 80.7276
9999.9991 33.7931
9999.9992 81.6628
9999.9999 98.3087
9999.9990 18.3925
9999.9998 79.5495
9999.9994 32.8491
9999.9992 24.7636
9999.9991 49.3161
9999.9997 0.4802
9999.9994 53.7100
9999.9996 82.4824
99 0.0007 99.5515
0.0004 25.5045
0.0005 3.9168
9999.9999 74.6914
0.0009 56.5316
10000.0000 43.5522
0.0007 80.5767
9999.9996 48.1355
10000.0000 4.1310
10000.0000 82.4522
9999.9991 2.2139
9999.9999 79.4378
9999.9999 62.2416
0.0002 89.0438
0.0003 18.8224
0.0005 65.3582
9999.9996 35.9361
10000.0000 33.9190
9999.9992 64.7885
0.0001 91.6439
0.0003 44.1402
0.0002 22.0454
9999.9995 94.8162
0.0003 98.9213
9999.9999 39.8969
9999.9999 77.8743
10000.0000 80.2754
9999.9991 65.4516
0.0005 96.7711
0.0010 25.4648
9999.9991 79.3691
9999.9992 67.0612
9999.9993 42.5085
9999.9992 38.2363
9999.9990 96.5545
0.0004 72.9432
0.0002 18.7703
9999.9996 99.5515
0.0008 22.6642
9999.9998 59.4022
0.0001 23.1289
0.0003 97.2614
9999.9992 96.0837
9999.9992 55.0046
0.0006 26.8906
9999.9998 28.6645
0.0006 26.7233
0.0002 24.4393
0.0008 66.7027
9999.9992 13.6954
0.0004 57.8390
9999.9992 74.3630
0.0006 34.3716
9999.9994 49.1180
0.0008 69.5655
9999.9990 13.4472
9999.9990 32.9934
0.0009 90.1741
9999.9998 83.0911
0.0005 62.6200
0.0011 94.3125
9999.9992 15.9010
0.0004 41.9794
0.0009 90.7716
9999.9994 92.5957
0.0006 17.8799
9999.9995 35.6726
0.0006 84.0291
0.0002 43.2850
0.0002 95.3790
0.0009 33.8269
0.0006 3.9171
9999.9994 70.3361
0.0004 43.8402
9999.9995 30.0009
9999.9998 47.5173
9999.9996 5.4377
0.0004 63.4320
9999.9992 15.8491
9999.9998 43.1091
0.0011 90.1179
9999.9991 11.7151
0.0003 92.7059
0.0010 35.5052
9999.9992 35.4453
9999.9991 28.0851
10000.0000 19.0049
0.0001 22.1716
9999.9990 22.8716
0.0011 96.4787
9999.9996 71.2005
0.0010 93.5056
9999.9998 28.5843
0.0010 41.6428
0.0007 29.4423
9999.9998 57.6126
0.0003 77.3696
0.0007 39.9547
9999.9991 11.3518
0.0003 88.5210
35 0.0006 35.3115
9084.6492 53.7878
1449.9661 45.1509
0.0002 62.3135
0.0007 46.8091
0.0004 54.2473
3734.0584 28.3506
4136.5433 77.4547
0.0010 96.3550
9999.9998 6.4836
9999.9995 78.2270
9999.9991 34.1578
9999.9990 45.1843
1491.3695 65.7940
9999.9996 35.3115
0.0001 66.3433
0.0002 31.4197
6707.3798 64.6404
0.0003 2.8488
6232.0013 68.1869
9999.9999 41.2493
5460.9843 14.0780
0.0004 38.1554
9999.9992 2.1611
9999.9993 3.0708
9452.7013 37.6170
0.0009 90.5046
9999.9991 79.8312
7387.0568 8.3970
3763.6487 80.4751
9999.9993 13.4081
0.0011 36.7556
9999.9995 56.9184
9999.9999 24.8483
0.0007 71.9866
0.0009 94.9570
59 9244.8836 16.3025
9481.0062 1.5066
6482.5838 95.1495
4239.6409 6.9309
4323.4387 2.9187
3248.2751 9.5993
588.0149 92.7517
3782.1472 90.5981
4624.9332 92.0771
2404.8643 5.1967
8989.6901 95.3234
3963.4476 97.5494
2788.0105 94.1332
3611.8078 90.4879
9039.6165 93.2174
5386.9254 91.4257
2239.7822 98.5361
9118.8000 3.5459
1549.4096 91.1250
3164.0762 92.7870
8695.5555 3.0783
9500.8667 9.9337
9906.0838 9.1511
1372.5355 2.0709
7884.5989 6.4891
9445.7425 4.8486
8792.8560 94.8512
5598.5840 96.8873
7924.2447 90.3237
8490.8213 6.6576
6212.0602 3.8437
2048.1636 94.0520
4179.3656 7.9651
7683.3327 89.9359
689.5513 90.3995
9077.1391 7.2142
2876.6044 4.6651
8054.1262 2.3203
6763.8838 95.9687
5807.2957 97.6107
1770.8452 3.8880
8474.9420 94.5962
9236.0692 98.2609
8881.2324 3.2321
6353.6403 7.9677
7676.7818 9.2242
8518.0381 90.2980
3875.2556 90.5198
2800.2608 5.0424
8644.5301 6.0592
6612.7470 91.6112
1095.9775 1.4995
9000.1084 5.2919
9894.1182 8.6108
5909.4577 92.8091
7213.9646 96.5658
5241.8710 99.4573
6856.4590 96.3156
6597.8542 94.9083
8744.8876 98.1660
97 0.0002 1.3916
9999.9999 2.5771
0.0008 97.6282
9999.9992 1.3916
9999.9991 48.6066
0.0007 8.5998
9999.9996 58.6184
9999.9993 71.6584
9999.9998 85.2950
0.0002 99.5591
0.0008 23.6996
9999.9992 82.7477
9999.9994 89.3536
9999.9998 55.7744
9999.9994 21.7982
0.0004 18.8636
0.0003 38.9107
9999.9992 64.5996
0.0006 20.7899
0.0007 92.6012
0.0008 69.5117
0.0002 79.2914
0.0011 72.8460
0.0009 54.9400
0.0007 77.8939
9999.9990 19.3896
0.0009 19.4744
9999.9991 37.6749
9999.9998 63.5094
0.0007 23.6243
0.0003 76.0511
0.0006 31.0297
0.0005 31.5328
0.0002 20.0552
9999.9992 53.4167
0.0009 5.3597
0.0007 45.9309
0.0010 85.7196
10000.0000 35.4494
0.0003 18.2558
0.0010 87.5214
0.0011 20.8113
9999.9993 74.0073
9999.9993 72.6406
0.0004 68.1163
9999.9992 85.8454
9999.9995 33.4632
0.0006 72.0185
0.0011 36.7036
9999.9997 46.1114
9999.9991 63.2748
0.0010 74.2148
9999.9991 39.5440
9999.9996 22.2027
9999.9994 25.9889
0.0003 69.8567
0.0002 63.0625
0.0002 24.9541
9999.9992 80.9576
9999.9993 24.4948
0.0003 85.7257
9999.9995 81.3094
9999.9991 73.8751
0.0005 74.5715
0.0001 87.9640
9999.9992 59.3175
0.0008 85.0651
9999.9997 39.7091
9999.9994 32.6035
9999.9992 20.8662
0.0011 71.2637
9999.9993 92.3086
0.0004 61.1741
10000.0000 96.5168
0.0007 8.0787
0.0007 38.0593
0.0003 95.0991
9999.9995 39.0378
10000.0000 21.7931
9999.9991 29.7221
0.0007 52.7699
9999.9996 60.7499
0.0011 44.3899
0.0010 67.7992
0.0008 7.5180
9999.9996 9.5482
9999.9997 86.1176
0.0002 19.9193
9999.9994 35.7373
9999.9992 69.2953
9999.9997 40.2471
0.0007 1.9164
9999.9993 24.8947
9999.9997 1.5696
0.0009 41.6093
0.0009 88.7539
9999.9992 81.7639
9999.9998 51.5410
2 99.9995 28.7422
80.3785 0.1692
99.9999 28.7422
2 100.0000 75.6127
70.0263 75.6127
27.0364 27.7990
85 2392.7932 98.6279
0.0001 0.9742
9999.9998 4.8179
0.0010 99.3811
9999.9992 9.0050
9999.9994 8.3829
9999.9991 90.5792
0.0002 92.1725
9999.9994 8.5482
9999.9995 95.6104
0.0006 6.3973
9999.9996 6.4890
9999.9994 6.9887
0.0007 93.8530
9999.9991 7.3410
0.0005 90.0964
0.0004 91.2578
9999.9997 92.3661
0.0010 92.7287
9999.9996 1.5011
9999.9994 3.3620
0.0010 9.5708
0.0004 7.6616
9999.9998 1.4068
0.0007 1.8565
0.0004 3.5697
0.0004 6.1834
9999.9994 98.6279
0.0008 9.0932
0.0009 97.9810
9999.9992 7.4817
0.0009 8.0013
0.0009 94.1978
9999.9997 95.2044
0.0002 96.7471
0.0002 8.1885
0.0010 92.2047
9999.9995 7.9178
0.0001 1.4712
9999.9995 90.5325
0.0002 98.3731
9999.9994 6.7172
0.0002 90.1794
0.0003 2.2550
9999.9996 96.1182
0.0004 91.2678
9999.9995 9.7492
9999.9995 1.9061
9999.9996 95.6688
9999.9996 3.9454
0.0007 2.5221
0.0006 7.8131
0.0002 5.5967
0.0008 8.1474
0.0010 7.3290
9999.9996 6.1746
0.0011 94.2584
9999.9996 6.0311
0.0005 4.5807
9999.9990 97.6565
9999.9997 1.9593
0.0003 95.0836
9999.9996 93.9346
9999.9995 97.0014
9999.9992 4.5677
9999.9991 91.5446
0.0007 9.0333
9999.9993 98.6087
9999.9991 5.5780
9999.9997 9.3221
9999.9991 0.4385
9999.9993 7.8015
9999.9998 90.9158
9999.9991 1.6665
0.0005 95.8794
0.0004 95.0192
9999.9995 96.0746
0.0009 93.0406
0.0011 4.6512
0.0005 6.6543
9999.9999 1.8050
0.0010 6.5125
0.0010 0.9943
9999.9992 1.9058
9999.9995 96.8966
0.0007 4.5751
83 4489.3423 1.3289
6507.0491 62.0646
5737.8754 12.1856
2761.8695 40.5590
4588.5252 73.7936
1830.9621 43.3527
2610.5471 74.6689
5459.5917 54.7973
4162.4585 64.9998
6843.9020 84.1225
1425.0181 30.6305
2006.6883 33.1438
1578.8217 48.1366
1568.0574 73.2074
6742.9526 48.4912
9195.7121 88.3010
7221.9288 30.8829
1873.6801 75.9304
2267.1169 23.2035
4906.6478 78.7573
8384.9240 14.0888
9343.0512 36.0685
6041.6041 43.4640
9866.1362 9.3317
668.4959 44.7423
7583.1786 15.3005
793.9817 99.0647
8117.9662 9.5239
1575.3610 86.0421
6302.4083 27.3829
833.6242 22.3096
6417.4495 49.5563
7081.2005 13.6646
8277.1633 19.3786
3749.4716 91.9931
5382.7262 29.5178
5084.0425 11.4735
3102.4772 48.6107
4295.2812 15.7458
4066.2778 64.5956
13.7297 81.8783
3252.7194 75.5800
7006.2338 33.8533
8257.7404 38.8833
3767.5424 34.8679
5100.2940 70.5261
3555.3465 20.6131
3013.9185 66.4094
9317.4778 30.0919
2700.1568 22.0914
2550.2220 83.6915
1846.7000 16.9014
2147.4813 50.3607
3364.2060 43.4323
920.9586 28.3951
4440.6883 27.3321
1733.7001 98.1459
9979.9808 57.4841
267.7965 8.8639
4721.0437 21.0375
6687.5638 32.1084
6279.9305 4.0335
8001.9734 75.3750
2540.9102 75.8837
1503.2787 1.3299
2421.8757 47.6669
511.2784 31.2896
9852.0008 6.9065
1174.1541 21.2577
9288.6401 12.2869
8334.1425 7.9152
9315.5940 63.2033
7974.1516 27.8622
2847.3714 91.2235
1853.9253 7.7196
9232.9619 47.4300
7936.4157 30.7668
6274.9156 29.6559
9842.8097 92.9230
4058.0892 63.1164
5224.8181 99.1079
5672.7766 76.8457
1501.9779 51.2004
4755.2825 31.4780
100 9892.8159 46.4468
9942.6831 9.5520
940.3332 9.8759
7654.6229 7.5993
5326.3820 9.9607
8985.6132 99.7411
1899.1518 3.9388
7355.3666 2.5710
2455.1489 6.8834
697.0687 1.3432
408.5719 6.5917
2236.0020 1.2301
8324.4580 5.7030
488.1998 91.4828
4457.9818 95.1232
8060.1486 1.6673
4852.4062 1.1627
3124.7543 9.1256
183.6112 6.6263
2033.0729 2.2232
95.1667 1.7264
5948.3917 95.7692
342.2736 94.5901
2335.8655 98.1903
2682.8153 2.6123
2609.2072 8.1902
3772.0493 98.2796
6566.6908 5.2625
8519.5230 8.5945
6292.9375 91.1678
7669.1332 8.6783
4219.5478 99.7222
9405.4271 2.4595
5501.0064 93.6196
5436.3850 8.1608
7490.9139 97.9334
8726.8019 3.6187
2361.6878 4.9973
8329.3320 94.5041
6344.7032 4.9463
4153.4323 90.9461
6275.5475 9.2464
9468.2221 93.7398
5415.2736 97.2494
9877.6175 96.3872
8351.6206 0.4569
8165.2084 99.4784
4216.7902 8.4569
5790.9516 7.6823
3062.8004 7.7054
9837.4215 91.2134
9147.3182 0.2231
7575.3414 93.9272
8985.8225 98.0194
9543.7018 7.5542
4422.4456 92.7880
3385.3145 4.7605
9590.9813 95.4148
1719.5788 98.3342
3608.4773 9.2859
5560.6037 98.9724
4985.6326 7.5238
1601.4975 0.7038
4983.6786 9.9713
1312.7445 94.9747
7957.9700 96.5059
5785.7396 99.1013
4445.4788 3.2837
8635.1519 0.9298
598.4437 2.3880
700.8698 90.1208
4006.1511 94.7098
9115.8030 99.8269
6298.9563 3.7928
1839.2602 94.3485
942.9067 99.0436
7452.0966 94.9590
3898.4182 1.2815
7969.9408 90.0557
4530.4911 93.2459
9114.4899 94.0481
2158.9043 92.6989
2293.4415 5.2523
7466.0042 1.5762
2488.9293 99.3559
8652.7078 0.7882
5306.7169 97.6072
2117.3596 2.6425
9212.2867 7.3244
7479.1453 9.7456
5965.0615 9.2605
3239.8777 92.5508
4185.9127 6.8909
5439.9770 90.7811
1812.1701 6.9691
3851.2034 90.7462
7004.1275 92.4354
5060.1316 3.4625
3335.7776 93.8322
3146.9031 4.6334
8288.8830 1.6888
100 1114.4623 55.0895
9643.5057 7.4594
9631.7785 1.1805
5891.4603 7.7119
9518.7012 97.9018
1650.0893 91.4839
8048.2356 2.0256
8789.1063 0.8373
9424.6865 91.3191
2060.5967 6.0836
796.2584 92.1160
582.8088 91.1853
765.5416 8.6043
9294.7329 5.0035
4538.5142 92.2548
1028.2843 99.0649
1953.4788 91.3143
4751.2573 4.7066
8744.0731 99.7747
6620.5223 89.9783
2584.4241 96.6613
2125.1350 97.8700
9113.0840 97.6838
5793.0188 97.7254
7221.9811 4.3836
7580.0865 97.9578
3256.4515 97.5449
4813.4688 92.2344
7975.8198 91.4414
6675.3398 90.2733
6382.3847 8.8909
8483.4948 6.4304
5851.2434 94.6884
9299.6049 9.6660
7867.5292 4.7646
1529.8609 90.5247
1482.6153 9.2580
6576.0065 90.2100
9076.1632 90.6863
7886.7997 96.1125
3729.6601 0.6094
2962.7989 97.4038
8091.2947 89.9280
4868.9402 6.3986
4014.9335 94.1374
4017.4527 2.9847
4091.1640 97.0088
359.3417 99.4297
412.4270 92.9967
8121.6153 99.5748
8786.7656 98.9028
896.5172 8.2459
8915.5364 2.4263
7988.4948 91.5780
8847.8484 99.6071
6967.1975 1.5568
9019.8150 99.1444
6219.3153 8.0238
4241.7532 7.1195
9712.3359 6.6068
7963.8375 4.4331
1212.7721 91.5470
3737.5178 5.9082
6907.7267 6.2540
4528.7244 9.5073
4756.9241 99.5170
8441.9547 1.7623
8709.3777 95.5064
2686.6414 8.5508
2184.1240 92.3830
5780.8259 99.2317
5622.8154 0.2739
632.4162 3.1729
8792.9052 1.2471
1702.1294 99.2728
5546.5517 0.2310
898.9977 93.7401
6357.0771 94.4628
729.6234 90.3104
120.8531 8.2129
4534.8822 96.2616
52.3538 8.0821
603.6133 2.6131
1868.9902 7.6135
2682.3415 97.2149
2084.7843 8.2953
8335.2929 91.0432
8528.5875 91.8335
3565.0877 1.8093
9677.6727 95.9996
4948.1694 93.5767
7415.4583 91.0996
424.0258 8.3874
6179.4124 8.9728
3995.7780 9.4054
1355.9392 94.5295
5502.0867 97.6466
8996.0126 94.5670
2913.8352 0.9196
1716.7516 92.0431
591.1267 92.7117
34 9999.9997 1.8272
10000.0000 79.3870
9999.9990 19.9074
0.0009 55.6446
9999.9998 90.9094
0.0003 60.3180
0.0002 27.1104
0.0002 43.9382
9999.9999 28.7772
0.0006 72.2003
9999.9996 93.4346
0.0006 64.1434
9999.9992 42.4027
0.0010 45.5256
0.0010 96.8159
0.0006 50.6064
0.0008 50.2208
0.0003 11.0658
9999.9990 48.4453
0.0005 68.5872
9999.9993 48.8756
10000.0000 63.8957
9999.9993 49.7172
9999.9997 95.0808
9999.9991 13.5481
0.0007 9.4505
9999.9991 19.6282
9999.9997 1.8250
0.0004 97.1302
0.0009 49.7707
9999.9992 58.5063
0.0007 82.5796
0.0009 82.8285
9999.9992 75.4668
9999.9992 13.5076
83 9999.9992 51.7349
9999.9999 47.0073
9999.9993 74.1192
9999.9995 21.6000
9999.9997 78.8442
9999.9995 0.1607
9999.9997 14.9579
9999.9991 3.0720
9999.9999 4.2253
9999.9992 28.8221
10000.0000 79.8413
9999.9994 11.3106
9999.9993 51.4604
9999.9992 89.3016
9999.9998 75.1732
9999.9994 99.6683
9999.9991 33.9959
9999.9993 2.9609
9999.9991 11.2878
9999.9999 4.9110
9999.9999 80.8595
9999.9996 14.2179
9999.9994 70.2793
9999.9998 34.0271
9999.9993 75.7571
9999.9998 97.0307
9999.9993 61.5060
9999.9997 92.0210
9999.9993 80.5624
9999.9998 77.3779
9999.9993 44.0797
9999.9994 76.0752
9999.9998 8.4262
9999.9995 56.5751
9999.9995 67.8208
9999.9993 77.1459
9999.9991 61.1235
9999.9991 1.4443
9999.9994 69.1793
10000.0000 52.6031
9999.9992 60.7520
9999.9995 31.9430
9999.9990 93.4198
9999.9996 93.6051
9999.9995 97.7282
9999.9999 23.0216
9999.9999 91.5776
9999.9999 92.5911
9999.9992 6.1205
9999.9998 15.6919
9999.9991 14.6099
9999.9992 34.7882
9999.9995 4.0014
9999.9999 10.7521
9999.9997 97.0419
9999.9995 96.4234
9999.9991 96.6282
9999.9997 87.3016
9999.9996 1.8480
9999.9994 58.1744
9999.9997 66.1631
9999.9990 31.5828
9999.9992 38.0825
9999.9999 36.9932
9999.9997 36.1026
9999.9992 40.7922
9999.9997 97.4255
9999.9995 65.2813
9999.9995 67.5026
9999.9993 22.2755
9999.9992 59.4810
9999.9995 80.0233
9999.9998 62.4225
9999.9991 21.4398
9999.9998 69.7017
9999.9990 10.5906
9999.9991 84.0443
9999.9997 48.9485
9999.9995 14.7867
9999.9994 27.1098
9999.9992 80.4584
9999.9998 65.1683
9999.9993 65.1289
9999.9996 63.6368
2 5.0000 99.9000
30.0000 99.8999
20.0000 99.7000
64 9999.9991 98.7201
0.0001 59.3381
0.0002 29.6686
0.0009 26.4012
0.0005 63.4334
0.0010 12.4114
0.0007 3.7396
0.0008 75.0351
0.0009 20.9430
0.0006 71.2640
0.0004 71.4290
0.0006 4.8367
0.0008 30.0954
0.0005 73.3990
0.0011 75.4904
0.0004 75.4458
0.0004 80.4956
0.0001 82.2633
0.0009 4.3667
0.0007 75.3505
0.0001 27.4560
0.0006 82.8112
0.0005 79.4787
0.0005 82.3002
0.0006 79.1475
0.0007 31.9644
0.0010 97.7536
0.0009 49.1984
0.0003 26.3193
0.0011 15.2581
0.0006 88.8160
0.0010 2.8917
0.0010 58.2955
0.0002 47.0210
0.0010 52.4535
0.0007 70.6334
0.0010 93.8461
0.0011 55.9750
0.0002 67.7312
0.0003 49.0886
0.0008 4.2614
0.0004 87.3337
0.0004 43.0051
0.0004 38.7152
0.0002 55.0530
0.0010 83.8307
0.0011 14.5537
0.0006 62.9208
0.0005 13.5294
0.0004 23.9311
0.0003 25.1029
0.0007 99.5126
0.0010 32.9668
0.0008 62.4878
0.0006 98.1635
0.0007 74.8528
0.0002 20.7931
0.0006 89.2496
0.0002 25.0814
0.0007 18.4202
0.0005 51.5727
0.0002 13.6057
0.0007 50.7079
0.0005 71.8640
0.0008 58.5617
81 0.0005 2.2074
0.0002 28.7264
0.0006 92.6355
0.0009 4.5016
0.0009 18.7584
0.0009 65.7822
0.0004 77.2906
0.0004 19.1939
0.0008 72.8071
0.0005 34.8554
0.0004 18.3414
0.0005 46.4359
0.0004 36.5084
0.0006 2.5073
0.0010 21.9427
0.0009 99.1640
0.0002 99.8618
0.0001 75.8036
0.0009 83.9148
0.0010 12.7440
0.0009 33.6526
0.0005 92.2633
0.0008 43.7344
0.0004 53.9127
0.0006 8.0054
0.0008 85.9676
0.0006 51.1234
0.0009 70.5050
0.0010 93.7167
0.0003 66.4449
0.0007 61.7381
0.0003 81.3653
0.0005 38.1597
0.0002 49.0558
0.0010 74.6556
0.0003 25.7898
0.0004 77.0119
0.0010 42.1630
0.0011 15.4218
0.0010 90.1657
0.0010 48.6164
0.0005 36.7812
0.0003 99.0154
0.0010 40.1312
0.0005 98.7512
0.0010 2.2597
0.0004 50.2398
0.0004 81.4560
0.0008 69.9226
0.0010 10.2472
0.0002 47.2522
0.0007 29.6270
0.0003 15.2131
0.0010 80.0062
0.0010 92.9101
0.0007 46.9374
0.0002 40.5008
0.0001 33.5373
0.0006 45.2529
0.0011 42.7432
0.0002 17.5938
0.0004 55.6646
0.0004 47.7988
0.0011 28.3615
0.0005 78.3557
0.0007 94.0353
0.0010 34.1540
0.0009 50.7870
0.0010 20.7709
0.0005 90.6478
0.0006 91.9335
0.0004 56.1482
0.0004 80.0247
0.0006 2.2074
0.0004 23.1610
0.0007 73.1686
0.0006 52.2446
0.0010 72.3064
0.0009 56.0125
0.0010 75.4567
0.0010 85.2280
0.0003 39.4906
73 9999.9998 1.1530
9999.9990 17.6890
0.0010 61.4916
0.0005 5.2068
9999.9995 43.6444
0.0010 30.6858
0.0002 69.8667
10000.0000 15.2812
9999.9998 30.0875
9999.9991 1.1530
0.0007 34.0621
9999.9998 24.3325
0.0005 76.9485
9999.9997 31.6842
9999.9994 79.7156
0.0009 66.4186
0.0006 37.7375
9999.9994 62.0469
10000.0000 94.0817
9999.9992 2.1850
9999.9996 11.6783
9999.9999 89.1647
9999.9994 22.8718
9999.9993 11.2678
0.0003 64.7297
0.0002 37.9414
9999.9999 73.4941
9999.9991 45.3065
0.0009 79.6984
9999.9991 23.2255
9999.9997 24.5609
9999.9992 83.9753
0.0007 8.7474
0.0004 62.5155
9999.9996 77.8547
0.0007 22.9642
9999.9994 68.1487
9999.9993 6.2208
9999.9993 70.2292
9999.9999 81.5987
9999.9997 93.8800
0.0008 30.7911
0.0005 76.9255
9999.9999 92.3389
0.0008 81.7193
0.0010 33.2525
9999.9998 77.9868
9999.9994 1.8958
9999.9994 4.3916
0.0002 40.9088
0.0004 32.8331
0.0009 82.4494
0.0009 12.5916
0.0002 56.3031
0.0007 5.9347
0.0005 42.3375
0.0010 11.0847
9999.9996 16.8229
0.0008 97.5816
9999.9999 38.0163
0.0010 26.4665
0.0002 98.7309
0.0009 57.2519
0.0002 69.0470
0.0003 3.7194
0.0009 48.2003
9999.9991 33.3488
9999.9994 73.6026
0.0002 40.7040
10000.0000 29.5420
9999.9993 87.0196
9999.9999 34.2052
0.0003 55.4599
0.0010 4.5899
2 99.9998 44.9488
0.0006 1.6677
99.9997 44.9488
78 9999.9991 99.0499
0.0002 5.3993
0.0011 77.9276
0.0007 58.5742
0.0006 1.8561
0.0011 13.1608
0.0004 27.4838
0.0011 27.1937
0.0006 32.6394
0.0005 54.9512
0.0009 68.8841
0.0009 9.9895
0.0010 7.2104
0.0004 72.1205
0.0007 65.5665
0.0002 69.1247
0.0007 60.8503
0.0004 89.1121
0.0004 76.4066
0.0002 65.1097
0.0008 62.6205
0.0002 11.6706
0.0008 31.4427
0.0002 16.6908
0.0010 81.1677
0.0011 38.8947
0.0002 55.8321
0.0011 49.9291
0.0002 19.2257
0.0004 75.3371
0.0008 14.4660
0.0001 32.1350
0.0005 5.4172
0.0004 61.4579
0.0011 57.8620
0.0010 31.5243
0.0008 36.9967
0.0009 63.7925
0.0008 18.2295
0.0011 49.3196
0.0008 36.2263
0.0006 11.3228
0.0001 77.7839
0.0006 13.3350
0.0006 7.0876
0.0005 35.8855
0.0008 95.9516
0.0001 59.4039
0.0002 99.0499
0.0004 29.7816
0.0006 52.6008
0.0009 57.4779
0.0003 58.8119
0.0006 27.3703
0.0006 67.7511
0.0005 77.7275
0.0002 28.9367
0.0009 6.6923
0.0007 80.7942
0.0011 12.9257
0.0003 76.1834
0.0006 10.0709
0.0005 79.1080
0.0004 41.9928
0.0004 98.5256
0.0005 13.9484
0.0005 41.2081
0.0008 89.7830
0.0010 43.4540
0.0011 49.9097
0.0003 17.4799
0.0006 89.2350
0.0010 24.6696
0.0004 83.0313
0.0001 14.7049
0.0008 52.7329
0.0003 76.0094
0.0005 56.1404
0.0002 90.9255
15 9190.0907 98.6638
0.0004 98.0381
0.0010 90.2233
0.0007 5.8707
0.0008 6.4049
9999.9996 90.9204
9999.9992 99.0861
0.0002 92.8271
0.0005 98.9720
9999.9999 96.5778
9999.9995 93.8533
9999.9997 91.8085
0.0005 6.3045
9999.9992 98.2415
0.0005 95.7967
9999.9991 94.1118
80 4846.1180 99.9000
2026.9413 34.4712
6656.7149 93.9227
6587.1616 26.3259
8856.8103 85.6355
7073.9227 53.5503
7049.3645 78.2519
3049.1411 63.2201
8988.1787 9.5479
6882.8642 27.5395
546.8041 40.2073
8614.1152 37.2739
6305.5395 67.6978
3403.7416 25.3807
4143.8922 92.3510
9120.4372 60.0552
8115.7935 58.4482
5881.3140 7.4841
6100.3731 60.0534
4478.4367 31.8455
9995.8655 14.7559
8911.3670 86.6046
5078.8957 89.2135
6087.5967 89.1425
9611.7177 75.4207
7806.4428 65.0711
6131.2390 37.5086
5479.6794 28.5694
484.8235 10.6101
433.1894 85.4666
8442.0468 24.4974
6628.1204 0.9278
6993.1464 97.4802
9317.5752 4.0306
7151.4454 94.4394
7257.9912 53.8981
1581.4839 99.4637
7758.9316 85.3445
2845.8893 53.6520
9656.4557 97.4371
2901.9014 6.4189
3654.0208 67.1711
9691.2614 43.0777
3292.8970 8.9515
6349.9266 26.1029
6102.5223 64.3686
7256.6839 67.3099
8499.7036 36.8345
8370.3886 37.0936
6171.5870 84.6207
8766.7017 76.9751
5631.4755 94.7628
2725.9564 58.7881
9761.6154 13.2235
1698.5578 54.0368
8056.7557 63.4403
2486.6239 28.6258
8080.8294 64.1385
736.2055 81.1294
5393.6434 98.6318
4979.8446 54.4029
6649.6230 32.9156
554.0468 40.9017
3808.2341 1.9026
3220.3802 60.1795
701.6885 28.1780
3673.0939 57.6699
2518.7037 39.8381
4562.7198 31.4155
8244.2131 7.5564
5087.5941 61.4875
3055.2645 42.9443
8812.8804 22.7663
6784.5858 8.1529
9485.7150 62.8870
2256.2077 64.8455
6597.6418 32.5062
5252.0824 38.6811
6813.0804 46.8130
6936.9259 84.4197
8638.6687 29.3533
26 9999.9991 1.9267
9999.9991 38.4502
9999.9998 51.7628
9999.9993 30.6351
9999.9990 26.6318
9999.9991 26.9819
9999.9993 63.4284
9999.9998 98.1945
9999.9996 31.1866
9999.9999 98.2595
9999.9998 62.6084
9999.9998 85.9092
9999.9996 36.3385
9999.9996 19.4961
9999.9991 24.3441
9999.9992 1.9243
9999.9993 33.0741
9999.9997 65.6529
9999.9999 57.3020
10000.0000 56.7915
9999.9991 5.0627
9999.9999 56.4105
9999.9991 8.7445
9999.9999 75.7505
9999.9993 24.8962
9999.9992 53.7165
9999.9998 48.1062
100 6512.9268 55.4466
9999.9991 2.3322
9999.9998 95.5969
9999.9992 99.2346
10000.0000 96.2077
0.0006 2.1482
9999.9991 90.1802
0.0007 97.3699
9999.9995 98.1610
0.0009 9.3191
9999.9999 99.8546
0.0007 94.5319
0.0002 90.2626
9999.9996 7.4018
9999.9991 0.2713
0.0006 93.2808
0.0001 92.2302
0.0007 9.1542
9999.9995 94.9662
0.0010 90.2412
0.0008 98.6606
9999.9992 0.7250
9999.9991 97.8291
10000.0000 0.3848
9999.9992 98.6135
9999.9999 9.7132
0.0011 93.0375
9999.9993 92.3905
0.0004 6.0622
0.0005 0.8024
9999.9995 92.2445
9999.9998 1.9162
9999.9998 5.4244
9999.9995 3.9268
9999.9994 5.1283
9999.9994 90.1200
9999.9999 96.1625
0.0007 4.9652
0.0004 94.4215
9999.9998 98.2148
0.0005 93.6698
0.0002 3.2013
0.0004 92.3472
9999.9997 89.9199
9999.9992 91.1589
0.0003 2.9053
9999.9997 99.0218
9999.9992 8.2390
0.0002 93.7826
9999.9992 0.3748
9999.9998 93.4549
9999.9996 97.9184
9999.9999 5.5085
0.0006 7.4914
0.0001 95.4057
0.0003 0.3701
0.0002 93.4947
0.0005 96.4728
0.0006 6.5759
9999.9994 5.2798
9999.9991 6.7173
9999.9997 4.6757
0.0010 94.7073
0.0004 1.2566
0.0001 96.6500
0.0004 94.1449
0.0004 2.0741
0.0006 95.7382
9999.9993 8.8973
0.0007 93.2571
9999.9995 90.6627
0.0006 97.8388
9999.9996 0.8158
9999.9998 95.9899
0.0007 6.6304
0.0007 94.7098
9999.9999 99.0120
0.0005 90.0601
9999.9999 96.3178
9999.9997 0.7047
9999.9993 99.2336
0.0005 92.1230
0.0008 8.2118
9999.9996 99.0611
0.0003 98.5870
0.0006 95.1557
9999.9990 7.3159
0.0007 92.8695
0.0008 90.5102
0.0007 91.7826
0.0010 90.5470
9999.9998 7.1518
9999.9998 92.0101
9999.9998 97.1914
9999.9994 94.4935
0.0004 97.2915
0.0006 5.4640
0.0008 94.4121
0.0008 0.7703
9999.9996 4.2052
0.0007 95.1953
22 4588.6186 0.1000
6508.0556 26.9183
5012.5611 58.7283
4253.5360 13.6128
2353.4240 34.2394
9288.7489 18.7966
1029.3299 33.3429
5935.0364 32.1333
3094.3039 94.8345
7479.2500 47.7996
9343.2553 47.4867
6615.0424 22.3381
6250.9700 82.4500
838.2319 4.0084
6444.8765 93.5812
4314.5771 55.0297
649.9115 53.6335
1645.8675 14.2676
1101.3774 53.5605
3210.3499 92.7613
2954.1347 39.9953
1685.9835 7.5661
3429.8382 22.6863
100 4008.4838 3.9869
3114.9990 22.8801
5917.0240 22.8801
8043.8363 22.8801
1285.1223 22.8801
5522.5584 22.8801
8953.6080 22.8801
2607.1491 22.8801
7677.6364 22.8801
582.4601 22.8801
3248.8796 22.8801
9159.5074 22.8801
9674.1576 22.8801
5596.1981 22.8801
4395.1665 22.8801
2884.5893 22.8801
1270.7139 22.8801
9943.1672 22.8801
4807.8934 22.8801
2328.1900 22.8801
2680.8900 22.8801
8252.1392 22.8801
7864.4080 22.8801
8690.7797 22.8801
2072.9016 22.8801
7412.0848 22.8801
50.1933 22.8801
3816.1701 22.8801
2635.6539 22.8801
3725.5225 22.8801
7667.9702 22.8801
7134.4053 22.8801
5088.0463 22.8801
9353.8930 22.8801
9112.9539 22.8801
2635.7725 22.8801
6179.6469 22.8801
2341.1227 22.8801
7874.2990 22.8801
9933.4558 22.8801
5866.7891 22.8801
7870.8128 22.8801
6106.7408 22.8801
2537.7702 22.8801
2995.5947 22.8801
1079.1419 22.8801
8113.7033 22.8801
5448.5767 22.8801
5516.3853 22.8801
5092.3487 22.8801
4505.6820 22.8801
2262.6312 22.8801
3502.2628 22.8801
4758.0221 22.8801
9201.4521 22.8801
1971.7088 22.8801
8508.5498 22.8801
976.0615 22.8801
2661.0901 22.8801
44.1800 22.8801
8956.2414 22.8801
3577.3812 22.8801
24.1556 22.8801
8872.8114 22.8801
5307.7279 22.8801
8694.4659 22.8801
1599.1581 22.8801
4599.8215 22.8801
3216.4291 22.8801
2107.7467 22.8801
9359.4524 22.8801
9492.5946 22.8801
8572.4109 22.8801
2409.6386 22.8801
1538.9858 22.8801
6769.1798 22.8801
3877.3266 22.8801
8807.5912 22.8801
7784.6168 22.8801
9071.8526 22.8801
5141.2559 22.8801
6512.4213 22.8801
4681.4337 22.8801
9649.2459 22.8801
7672.1192 22.8801
9266.8906 22.8801
9998.7264 22.8801
484.5355 22.8801
6951.4363 22.8801
1958.1522 22.8801
1833.3863 22.8801
994.6126 22.8801
815.8747 22.8801
4051.2096 22.8801
7598.2228 22.8801
3528.7565 22.8801
5909.7278 22.8801
4686.9959 22.8801
3957.0010 22.8801
6912.3639 22.8801
2881.8148 22.8801
96 0.0006 33.6174
0.0011 55.1378
0.0005 27.9011
0.0010 57.2938
0.0004 9.4177
0.0010 9.8342
0.0004 80.8632
0.0002 98.7581
0.0006 25.1701
0.0004 17.2845
0.0004 99.4136
0.0004 81.9307
0.0009 53.0765
0.0002 5.9041
0.0006 78.1659
0.0005 22.6502
0.0002 34.0891
0.0007 53.2283
0.0002 12.6283
0.0001 28.0097
0.0006 63.4699
0.0005 15.6120
0.0003 77.0756
0.0002 9.6211
0.0009 62.0678
0.0003 29.4364
0.0001 21.7946
0.0004 47.3899
0.0002 75.9003
0.0005 37.3298
0.0005 29.2279
0.0003 77.0450
0.0001 56.1767
0.0008 3.6896
0.0004 50.2036
0.0010 41.6599
0.0002 5.1824
0.0006 61.8590
0.0008 6.2754
0.0002 99.5860
0.0008 73.0407
0.0010 72.1029
0.0001 14.3674
0.0010 67.4089
0.0008 23.3951
0.0003 47.3828
0.0004 59.4152
0.0008 64.6613
0.0006 52.4584
0.0003 51.3856
0.0007 11.0786
0.0006 74.1941
0.0009 52.5211
0.0002 80.4946
0.0006 77.4821
0.0009 43.9693
0.0008 85.6218
0.0010 2.2451
0.0004 80.0568
0.0005 90.2598
0.0008 15.6602
0.0004 3.7873
0.0008 84.6082
0.0005 68.3912
0.0007 3.6592
0.0003 86.6475
0.0002 60.2895
0.0010 33.6174
0.0005 4.4708
0.0003 38.9921
0.0003 31.6582
0.0010 49.4697
0.0002 59.4701
0.0006 55.4628
0.0002 15.9068
0.0004 74.9659
0.0005 29.5539
0.0006 96.0220
0.0006 71.8377
0.0010 75.9112
0.0009 78.7560
0.0007 55.5302
0.0004 90.0655
0.0005 53.6459
0.0004 89.9574
0.0006 41.7387
0.0003 13.6017
0.0006 66.9283
0.0005 17.2942
0.0001 69.6565
0.0005 25.9230
0.0009 41.1792
0.0002 86.9789
0.0008 22.1541
0.0003 53.3068
0.0001 30.3753
0.0010 72.8688
60 9999.9995 97.0735
0.0009 7.6350
0.0008 43.7058
9999.9999 93.7419
0.0003 61.6255
0.0003 64.2205
9999.9997 79.1333
9999.9991 20.4759
9999.9994 80.4225
0.0006 26.1328
9999.9990 36.9515
0.0004 53.0098
0.0008 79.9391
9999.9990 97.8004
0.0003 76.7703
0.0005 71.4353
9999.9998 67.3651
9999.9997 32.9436
0.0009 65.1532
0.0010 45.9993
9999.9999 53.9138
9999.9996 29.5085
9999.9998 24.1296
0.0001 65.8706
0.0009 54.2008
0.0004 32.8692
0.0009 42.6649
9999.9992 7.2385
0.0001 55.3606
9999.9999 5.0458
0.0003 24.4307
0.0005 92.6435
9999.9992 93.0060
9999.9994 38.3749
0.0002 23.2881
0.0002 26.2463
9999.9999 51.6852
9999.9999 19.2804
0.0003 88.5050
0.0009 12.9357
9999.9991 0.4927
0.0008 68.2335
9999.9999 83.4473
0.0008 27.0114
9999.9990 2.3211
0.0004 53.4167
9999.9992 4.5519
0.0002 8.7893
9999.9996 67.7428
0.0010 18.3176
10000.0000 36.0982
0.0007 10.7895
0.0007 52.3231
10000.0000 13.5552
9999.9998 75.5995
0.0007 84.0417
9999.9994 62.5248
9999.9992 25.7852
9999.9997 68.4691
9999.9995 82.9477
9999.9993 75.7325
77 0.0008 48.0445
9999.9995 81.4652
9999.9993 1.0058
9999.9991 3.7156
9999.9990 43.3592
9999.9990 25.7275
9999.9993 31.1504
9999.9996 34.9212
9999.9999 19.1627
9999.9995 64.1436
9999.9993 19.5362
9999.9998 34.5326
9999.9997 95.3086
9999.9995 55.5560
10000.0000 71.6566
9999.9997 96.4357
9999.9994 42.2889
9999.9991 19.0973
9999.9995 45.9145
9999.9997 9.6851
9999.9991 69.7729
9999.9994 54.0065
9999.9991 25.5401
9999.9996 40.9371
9999.9996 30.4187
9999.9999 51.6678
9999.9999 99.4288
9999.9991 89.3220
9999.9995 92.3026
9999.9997 7.0896
10000.0000 21.7275
9999.9998 61.0106
9999.9991 88.3698
9999.9991 80.9808
9999.9997 4.0258
9999.9995 56.7106
9999.9998 75.4492
9999.9994 48.3049
9999.9994 4.2584
9999.9994 27.5814
9999.9995 4.9193
9999.9999 76.6373
9999.9991 66.9154
9999.9990 61.7537
9999.9999 89.0776
9999.9993 49.8120
9999.9995 99.1309
9999.9994 46.9200
9999.9992 64.6177
9999.9995 17.1097
9999.9992 18.8226
10000.0000 93.8728
9999.9998 67.7395
9999.9997 40.5765
9999.9998 38.0520
9999.9998 62.9505
9999.9996 81.2932
9999.9997 13.9433
9999.9998 1.1371
9999.9999 96.5869
9999.9998 47.8694
9999.9992 49.6979
9999.9998 61.7075
9999.9996 23.2863
10000.0000 3.3617
9999.9993 40.5420
9999.9999 31.1446
9999.9994 52.6653
9999.9995 9.6558
9999.9997 80.6674
9999.9997 28.5201
9999.9996 33.3792
9999.9999 83.8609
9999.9992 52.4726
9999.9995 16.7882
9999.9999 56.4138
9999.9990 22.9384
9999.9998 89.0211
7 5211.5126 3.4020
4407.2053 68.7805
150.2771 75.1540
7531.4393 9.7518
469.2144 3.4030
4480.2359 63.0725
2733.4162 26.0683
9236.9259 89.0099
2 59.1081 96.8236
85.9566 98.5488
45.9915 93.5993
100 1649.7603 13.7149
9999.9966 13.7149
9999.9968 13.7149
9999.9933 13.7149
9999.9961 13.7149
9999.9995 13.7149
9999.9949 13.7149
9999.9906 13.7149
9999.9901 13.7149
9999.9948 13.7149
9999.9989 13.7149
9999.9940 13.7149
9999.9947 13.7149
9999.9974 13.7149
9999.9977 13.7149
9999.9934 13.7149
9999.9979 13.7149
9999.9919 13.7149
9999.9931 13.7149
9999.9958 13.7149
9999.9942 13.7149
9999.9908 13.7149
9999.9954 13.7149
9999.9937 13.7149
9999.9982 13.7149
9999.9938 13.7149
9999.9915 13.7149
9999.9902 13.7149
9999.9971 13.7149
9999.9952 13.7149
9999.9996 13.7149
9999.9960 13.7149
9999.9965 13.7149
9999.9963 13.7149
9999.9962 13.7149
9999.9926 13.7149
9999.9925 13.7149
9999.9998 13.7149
9999.9913 13.7149
9999.9976 13.7149
9999.9932 13.7149
9999.9975 13.7149
9999.9916 13.7149
9999.9930 13.7149
9999.9936 13.7149
9999.9927 13.7149
9999.9909 13.7149
9999.9990 13.7149
9999.9946 13.7149
9999.9922 13.7149
9999.9988 13.7149
9999.9959 13.7149
9999.9951 13.7149
9999.9921 13.7149
9999.9905 13.7149
9999.9939 13.7149
9999.9972 13.7149
9999.9914 13.7149
9999.9953 13.7149
9999.9973 13.7149
9999.9956 13.7149
9999.9981 13.7149
9999.9923 13.7149
9999.9992 13.7149
9999.9987 13.7149
9999.9955 13.7149
9999.9950 13.7149
9999.9980 13.7149
9999.9912 13.7149
9999.9907 13.7149
9999.9997 13.7149
9999.9945 13.7149
9999.9969 13.7149
9999.9935 13.7149
9999.9903 13.7149
9999.9928 13.7149
9999.9967 13.7149
9999.9944 13.7149
9999.9957 13.7149
9999.9994 13.7149
9999.9970 13.7149
9999.9986 13.7149
9999.9999 13.7149
9999.9904 13.7149
9999.9978 13.7149
9999.9943 13.7149
9999.9924 13.7149
9999.9920 13.7149
9999.9911 13.7149
9999.9910 13.7149
9999.9984 13.7149
9999.9985 13.7149
9999.9917 13.7149
9999.9964 13.7149
10000.0000 13.7149
9999.9918 13.7149
9999.9983 13.7149
9999.9929 13.7149
9999.9941 13.7149
9999.9991 13.7149
9999.9993 13.7149
7 4000.1559 46.8801
3666.1925 36.3402
279.4690 51.6680
9136.1768 70.4969
7403.9291 44.3142
9854.8699 65.7540
70.7281 26.6465
3007.4034 60.1200
66 9999.9999 43.2928
0.0010 10.6784
0.0006 73.9787
9999.9991 3.6525
9999.9994 11.8084
0.0003 94.7153
9999.9991 52.7330
9999.9992 22.4526
9999.9995 8.8150
9999.9994 99.6908
9999.9992 30.0648
9999.9993 9.9499
0.0005 94.6322
0.0006 97.6164
9999.9992 91.5073
9999.9994 86.6969
9999.9999 52.9504
0.0008 83.1356
0.0001 21.2525
0.0002 3.5084
0.0006 65.3141
9999.9998 65.8655
0.0003 17.9872
9999.9990 72.1693
0.0004 22.9417
0.0003 56.3604
9999.9993 24.1510
0.0002 0.8312
9999.9996 35.7692
9999.9994 94.7192
9999.9999 31.4700
9999.9996 57.9473
9999.9994 50.5610
0.0008 87.8941
0.0008 1.2570
9999.9996 14.9344
0.0004 78.1720
0.0009 37.8230
0.0005 87.6444
0.0010 4.1490
9999.9993 69.6557
0.0007 47.5644
9999.9993 60.9307
10000.0000 21.9883
0.0005 39.1506
9999.9999 22.0188
9999.9992 85.3998
9999.9998 97.0524
0.0009 1.3123
9999.9996 65.6088
0.0005 85.9693
0.0004 83.3465
0.0010 52.7191
0.0002 94.8982
0.0010 38.3470
0.0002 84.5377
9999.9993 4.6680
0.0005 81.6708
0.0004 46.2625
0.0002 66.9359
9999.9995 43.2928
9999.9991 45.4631
0.0002 40.5086
9999.9998 59.7702
9999.9998 67.8920
9999.9995 12.8749
0.0003 98.4034
71 0.0008 98.8020
9999.9999 18.2079
0.0008 54.5621
9999.9991 67.1422
0.0010 57.9684
0.0005 95.5480
0.0011 89.7609
0.0003 35.8035
0.0007 33.4084
9999.9992 53.6382
9999.9991 84.5643
9999.9993 42.1481
9999.9999 83.1766
9999.9991 59.7832
9999.9993 38.9809
0.0011 4.0312
9999.9990 14.8976
0.0008 95.0695
0.0001 99.1410
9999.9992 76.7473
9999.9999 9.4151
0.0007 48.4713
0.0006 51.4252
0.0007 98.8470
0.0002 80.2520
9999.9996 91.6695
9999.9997 9.9197
0.0006 7.0293
0.0006 39.1096
9999.9995 30.1949
0.0006 98.5310
0.0004 15.2537
0.0006 11.1149
0.0004 52.7204
0.0010 93.4105
9999.9998 65.5687
9999.9991 95.8720
0.0005 28.9315
0.0004 28.1574
0.0008 87.6982
9999.9994 22.7815
9999.9993 20.1856
9999.9993 86.3612
9999.9996 27.0837
0.0011 66.9529
0.0006 51.4209
0.0010 62.5359
9999.9990 75.0891
0.0009 88.4370
0.0004 29.8700
0.0009 42.1541
9999.9996 71.1649
9999.9996 22.3692
9999.9996 19.4144
9999.9994 3.6267
0.0005 21.2080
0.0002 97.4702
9999.9993 81.2432
0.0010 35.4966
0.0006 66.8390
9999.9992 44.8830
0.0011 90.5877
9999.9997 10.9234
9999.9997 13.7776
9999.9997 23.4133
0.0010 75.7741
0.0007 9.4072
9999.9993 34.8230
9999.9998 72.6519
9999.9993 57.7171
9999.9994 76.0819
9999.9997 88.0567
1 4684.1759 9.6088
5415.4965 9.6099
2 99.4808 76.9326
99.9999 76.9326
100.0000 76.9326
59 9999.9993 2.1184
3025.4962 58.4609
4463.6410 4.6271
0.0008 68.1760
0.0005 47.7160
0.0008 93.3708
8436.6582 73.9397
9999.9997 3.3217
9999.9993 88.4536
8813.8242 38.8717
9999.9992 85.8531
1650.3988 54.5677
9999.9994 14.9189
0.0008 25.1454
1252.2807 39.9494
0.0004 63.3135
9999.9991 47.8327
9999.9995 16.1994
0.0001 19.8360
1442.6564 2.1158
9999.9999 77.0207
9999.9996 86.2501
0.0003 91.1188
3903.1508 68.5580
9999.9993 47.2443
0.0002 43.3690
0.0002 52.7154
0.0003 60.1046
0.0005 95.3719
6034.9606 71.1992
6078.2798 36.8293
0.0006 4.4575
7631.6080 96.0578
9027.3850 33.9796
9999.9993 24.8335
9999.9996 68.9402
0.0007 66.6084
10000.0000 51.6955
9999.9992 34.1674
2468.3340 80.9767
0.0003 81.1596
9999.9995 41.0161
7976.9060 55.3166
9714.9219 12.1858
0.0002 22.7970
7377.5259 60.4189
9999.9994 79.6395
9999.9997 14.4663
0.0007 84.4951
0.0008 79.4008
4236.8532 50.8099
9999.9993 12.3646
9999.9992 21.2322
0.0010 31.8283
3419.9461 54.1884
0.0011 93.7026
9999.9992 9.1355
0.0008 4.5249
10000.0000 28.1803
3720.8690 32.8814
61 9999.9999 99.4976
9999.9997 32.7534
9999.9992 20.3171
9999.9993 96.1812
9999.9993 43.4336
9999.9999 26.9634
9999.9992 61.6009
9999.9991 70.4509
9999.9998 57.9507
9999.9992 24.1602
9999.9990 10.7289
9999.9999 24.0891
9999.9994 3.8633
9999.9994 0.2517
9999.9998 10.5909
9999.9995 59.6608
9999.9996 24.0385
9999.9993 38.2529
9999.9992 5.5068
9999.9998 83.5287
9999.9999 29.9889
9999.9991 74.9479
9999.9994 73.1321
9999.9998 7.5267
9999.9999 87.0674
9999.9994 94.3526
9999.9995 43.6578
9999.9994 64.3897
9999.9997 45.6900
9999.9994 64.0813
9999.9990 47.2778
9999.9993 50.3702
9999.9994 67.3330
9999.9994 10.5159
9999.9995 10.7763
10000.0000 53.6785
9999.9997 35.9375
9999.9992 90.1577
9999.9993 97.5118
9999.9993 23.0436
10000.0000 30.9694
9999.9995 61.8876
9999.9991 44.6937
9999.9997 63.8263
9999.9999 82.4201
9999.9990 52.5160
10000.0000 97.7302
9999.9993 81.8536
9999.9992 74.2864
9999.9994 68.4959
9999.9996 99.8551
9999.9998 57.2722
9999.9996 21.2836
9999.9996 51.6733
9999.9992 43.6504
9999.9991 59.1262
9999.9999 19.9991
9999.9995 53.6066
9999.9991 21.1566
9999.9998 10.8593
9999.9991 49.0134
9999.9999 66.7636
81 181.2542 97.7495
9516.9694 60.9088
1647.7950 17.3121
1971.1509 24.6464
4552.8272 89.0948
806.6216 45.6023
2274.0729 24.7227
7385.9379 60.8005
8738.7884 0.3792
3379.1376 52.6244
6865.3648 63.4500
3952.6307 25.4488
623.6584 3.5697
1981.0438 20.8575
1445.5876 78.5639
1782.5468 25.1853
1432.3869 23.3700
8228.4488 28.5444
531.3543 2.5789
3151.3110 97.4817
3702.6744 49.5176
8941.1500 85.5477
767.0694 41.5923
9265.5792 62.7270
8310.5447 75.7560
354.6172 28.6273
5812.7006 0.7607
3697.4176 15.8736
8559.6200 97.6017
9234.5442 80.0205
9407.8284 3.2982
4313.3942 33.2100
8979.1839 97.7487
6309.3013 11.9974
7268.1655 58.6959
3204.1062 32.7630
1416.1043 87.5316
378.5273 19.9460
1407.7112 31.8026
6372.3165 94.6775
9878.3715 62.5710
7805.1665 93.3450
4875.5406 7.4149
7917.6098 94.6018
1277.8408 95.8597
2820.5099 20.7877
829.0126 27.5932
4808.8804 66.5806
8261.4376 68.4292
5759.6997 84.7046
7300.9810 27.5948
5704.8210 0.9533
694.4368 88.7702
2335.5261 43.3124
5206.6097 22.9115
8732.3386 41.0948
75.4116 57.2038
6933.5025 26.4785
7385.1676 29.3991
5529.8289 79.6365
9640.3858 90.7965
8533.7981 15.3706
5609.8199 24.3819
603.3544 55.2848
8169.7182 96.4064
6247.2610 92.6729
5462.2955 51.3880
5777.9854 7.9202
1725.5651 81.1249
7961.7585 24.5510
3094.9483 4.0419
1564.7237 35.5237
4178.8802 79.5783
1115.3842 68.6780
7281.7731 21.8333
800.8915 16.3528
5617.5602 54.5715
3000.7562 60.9368
7629.2269 74.6600
6811.7091 70.0285
9763.3029 90.7464
3950.9273 97.5031
85 9999.9990 98.8619
10000.0000 61.2509
9999.9999 35.6478
9999.9991 33.9052
9999.9997 64.4558
9999.9997 52.0298
9999.9995 89.9973
10000.0000 47.4481
9999.9994 35.0203
9999.9991 68.6992
10000.0000 33.5502
9999.9997 60.9405
9999.9995 21.2121
9999.9991 56.4394
9999.9995 54.2283
9999.9992 61.8260
9999.9996 97.3100
9999.9993 43.5188
9999.9998 23.0118
9999.9999 64.2949
9999.9991 38.2571
9999.9995 82.8479
10000.0000 74.5031
9999.9995 17.0749
9999.9995 13.1474
9999.9991 49.7272
9999.9996 84.2451
9999.9991 47.1957
9999.9997 4.6784
9999.9996 20.8719
9999.9991 6.9757
9999.9993 80.3446
9999.9995 30.7348
9999.9994 18.6405
9999.9995 76.4806
9999.9992 46.4813
9999.9998 39.5955
9999.9996 84.3273
10000.0000 1.9143
9999.9996 96.1022
9999.9999 27.3803
9999.9998 52.5966
9999.9999 61.0370
9999.9997 45.0026
9999.9995 54.2619
9999.9992 76.4525
9999.9991 25.6645
9999.9991 61.6169
9999.9990 15.9091
9999.9998 17.6399
9999.9996 32.8600
10000.0000 11.7964
9999.9993 63.0301
10000.0000 1.7956
9999.9994 85.0326
9999.9991 18.3172
9999.9992 79.2856
9999.9992 9.4025
9999.9995 4.5013
9999.9997 65.9364
9999.9998 98.8619
9999.9993 77.4250
9999.9993 94.1872
9999.9998 11.1929
9999.9996 76.5422
9999.9999 21.9691
9999.9999 46.1924
9999.9997 29.6661
9999.9992 44.7186
9999.9993 82.6305
9999.9999 97.3731
9999.9991 17.7589
9999.9999 59.6388
9999.9992 71.3783
9999.9997 6.9226
9999.9995 43.1199
9999.9991 87.0955
9999.9996 42.9508
9999.9992 56.3353
9999.9995 61.7727
9999.9994 70.6912
9999.9992 57.6436
10000.0000 3.4229
9999.9996 34.3733
9999.9996 0.4272
9999.9997 27.3170
2 100.0000 65.1587
99.9999 65.1586
0.0001 65.1587
2 100.0000 88.3984
0.0001 88.3983
99.9999 88.3984
100 2160.1766 3.6698
2950.3299 3.6698
3721.8902 3.6698
1506.0481 3.6698
6767.9386 3.6698
3284.9154 3.6698
7659.6393 3.6698
3117.9888 3.6698
4306.9083 3.6698
7835.1790 3.6698
4485.3301 3.6698
9429.3322 3.6698
1831.2124 3.6698
6996.9634 3.6698
1966.7717 3.6698
4507.5898 3.6698
2155.0107 3.6698
2175.0824 3.6698
1715.5970 3.6698
7454.1520 3.6698
2914.5589 3.6698
6541.8467 3.6698
1718.1942 3.6698
602.9892 3.6698
7369.2200 3.6698
5477.2967 3.6698
6227.3541 3.6698
4044.7489 3.6698
4002.7326 3.6698
1029.3756 3.6698
2770.2966 3.6698
9244.5954 3.6698
3453.3780 3.6698
9838.7785 3.6698
2652.1298 3.6698
531.7086 3.6698
4047.0813 3.6698
2237.9923 3.6698
9784.3289 3.6698
5293.1823 3.6698
3158.1079 3.6698
5682.5176 3.6698
7335.2261 3.6698
1315.5378 3.6698
3452.2074 3.6698
9435.1107 3.6698
6345.6209 3.6698
294.1138 3.6698
1399.8166 3.6698
540.9638 3.6698
6247.1990 3.6698
1032.5189 3.6698
3949.6130 3.6698
7839.3126 3.6698
3275.5680 3.6698
3812.4312 3.6698
6818.1588 3.6698
9322.5780 3.6698
7998.3633 3.6698
8905.0795 3.6698
2283.5384 3.6698
422.6144 3.6698
6188.8740 3.6698
6841.5689 3.6698
5711.2402 3.6698
6476.1868 3.6698
4348.6738 3.6698
4605.9929 3.6698
9226.1623 3.6698
3706.0331 3.6698
2998.4191 3.6698
2114.1214 3.6698
2310.3188 3.6698
7453.0952 3.6698
6017.2265 3.6698
2232.9433 3.6698
7184.1719 3.6698
9383.4074 3.6698
3140.2147 3.6698
5361.9129 3.6698
8730.4356 3.6698
3732.1275 3.6698
7545.0329 3.6698
1827.7419 3.6698
5860.0309 3.6698
5987.6703 3.6698
9905.1296 3.6698
159.6897 3.6698
9737.0190 3.6698
970.9994 3.6698
2005.5411 3.6698
789.3770 3.6698
8793.0029 3.6698
2093.2779 3.6698
9029.3305 3.6698
8097.6897 3.6698
7723.8686 3.6698
954.0676 3.6698
7334.0125 3.6698
7707.5801 3.6698
9952.0877 3.6698
2 0.0001 77.2831
0.0001 97.3911
0.0001 57.1751
24 0.0005 90.5049
0.0005 39.3310
0.0003 90.8795
0.0008 88.3449
0.0005 75.1215
0.0005 4.7377
0.0005 81.6407
0.0004 23.1710
0.0010 76.4555
0.0011 57.3678
0.0007 58.5928
0.0006 85.5118
0.0011 14.5158
0.0002 32.5426
0.0010 61.0435
0.0010 20.2942
0.0008 63.8350
0.0006 27.4015
0.0009 21.4308
0.0010 4.1913
0.0010 22.5400
0.0004 80.4295
0.0010 27.4675
0.0006 53.3035
0.0005 49.6928
89 10000.0000 50.4324
6406.5643 87.1766
6372.8899 82.2620
381.2696 37.9513
763.2568 5.3289
5400.6190 85.8994
2341.3631 1.2391
7508.0221 56.9813
2352.3669 40.6330
5385.4609 71.5612
8187.2953 21.2724
478.1121 9.6380
868.8648 58.6823
2608.3580 5.1202
8248.1927 16.3221
3605.1923 58.8527
1260.9717 9.8573
5230.8630 99.6258
2119.6328 41.3519
6060.4430 45.2990
8910.0220 77.2634
171.8855 35.6774
5521.0186 62.3971
7334.3547 46.9381
8574.6322 86.8121
9079.4061 77.5877
7345.7296 57.7078
7491.3083 32.2333
5482.2359 99.0595
7839.3551 24.2416
43.2747 13.5741
381.4965 93.4074
2329.2735 24.6494
1775.5159 14.0556
3808.6507 49.8696
7214.7938 84.1953
7495.3724 85.6622
5328.1387 74.8522
9690.4308 28.3943
8179.3642 92.1340
4817.2231 58.4468
1889.6848 2.5942
7386.1549 40.7131
96.2448 49.6925
1846.2640 21.7208
4983.0986 24.0742
2541.0162 7.6743
8854.5830 14.4176
5898.6580 92.2931
7094.9495 12.3792
8131.1775 25.9217
3766.0705 35.9296
9903.1602 25.7315
8757.5172 61.8000
7114.7415 24.9394
360.8267 14.1959
9366.1374 81.6158
3392.4324 77.0351
4335.5232 11.9701
8342.9591 34.7757
5266.8909 69.6051
9763.7377 79.7404
9287.1244 23.9618
3882.8410 36.6308
3713.5068 12.3808
9032.4902 11.0499
694.3974 51.5205
2473.4805 37.9639
9712.5005 61.1817
339.9136 35.5088
6642.4847 50.6463
5538.3824 4.0037
4736.4743 69.8556
2018.7226 46.0620
6626.7015 86.7039
8915.7810 49.0572
4896.9592 68.7213
3401.1801 5.3677
4807.0606 97.1537
393.6498 10.7405
689.1835 11.1901
5125.0965 61.4258
9812.1855 92.1476
1806.9147 73.2959
180.5061 92.1175
7046.5860 67.9184
7957.3992 78.8477
5001.5962 74.8564
7407.1337 59.6762
735.7185 70.9107
85 7724.2569 95.9698
5018.6063 6.3888
1006.6099 99.1234
584.5106 97.2213
7984.2694 2.1277
4198.2898 95.8721
462.8330 97.3052
1507.7887 4.5002
1405.8018 4.4377
2939.1790 90.9029
8843.3134 8.3825
7754.1581 2.3697
4298.2018 99.2050
3676.3459 6.1724
9692.0674 99.1639
5974.1931 1.9850
2729.0057 4.5838
7961.2097 4.7848
7004.9259 4.6641
8329.0729 94.6923
5885.4748 5.3647
6603.0102 97.9280
5209.8058 93.0101
1296.5566 9.4103
9126.8604 5.5654
5973.5433 2.8134
803.5851 6.7195
3489.0519 5.5775
6964.9164 95.3290
3624.5531 95.2154
3281.6731 99.7862
102.6540 4.1112
9705.1917 2.9705
1785.6779 4.7765
5674.7374 90.2852
5148.4270 96.4505
4630.2582 0.7894
4918.5840 93.6990
5470.6161 90.6824
4676.2278 91.0186
2299.9013 1.0499
4174.4807 5.9198
9828.3369 93.0835
4078.5576 7.6132
7503.7525 93.5255
1427.8870 2.1861
5.8063 89.9027
4332.7755 94.4657
8593.2594 3.6227
1906.9465 10.0268
3389.5124 3.1699
4652.7367 99.4499
2595.3280 92.1916
6219.8036 93.9210
5775.5678 91.8911
5835.9978 95.6991
5547.4406 95.6308
5823.8097 94.5542
6120.8503 98.1123
148.3369 5.5087
93.9749 7.8757
452.5467 96.4010
3055.9510 6.7324
7358.8031 3.4575
2515.1046 93.4532
2260.2042 95.4028
5079.2319 9.0868
2696.0307 8.1345
1792.9152 3.0505
8047.3691 95.2906
3651.2467 9.1473
3778.8528 8.3634
888.7856 96.1610
4585.3290 99.1071
8281.1258 0.6283
3069.6109 97.5850
462.8254 0.7337
6254.3501 97.0362
3805.7924 91.9527
2939.2670 92.9847
5657.3627 8.9231
5857.3279 95.5917
8121.8873 9.1647
1392.9761 99.4124
740.6520 90.5046
5778.9706 9.1997
29 0.0004 97.8385
7000.7936 93.5590
0.0003 57.5420
3022.6427 48.7853
0.0009 31.5246
9999.9994 69.7717
0.0005 97.8380
9999.9999 47.0182
9999.9992 63.8071
4306.8555 82.6722
3620.3857 38.2159
5926.5142 42.1610
0.0008 91.5196
0.0004 19.5525
7541.8771 16.4486
0.0010 26.3046
9999.9991 96.4074
0.0010 62.3654
9999.9998 23.7697
0.0003 17.6240
7510.9457 27.8732
6756.6961 0.6428
807.6739 74.9861
9999.9998 38.1558
3004.1366 30.5073
0.0005 32.1141
9999.9996 79.7159
9999.9998 37.4836
0.0003 20.5087
9999.9998 95.3618
85 9999.9993 96.5255
3062.2491 59.5684
0.0004 55.4654
0.0004 22.9462
9999.9993 46.5872
0.0002 73.1288
1936.9277 20.1934
8752.2226 86.2064
0.0004 33.5641
9999.9991 80.6474
8811.7741 94.5729
0.0004 88.1040
9999.9991 42.5957
3213.4585 32.8732
3962.4192 52.0532
9999.9999 95.4219
2495.9273 0.4526
4046.3173 48.9670
9999.9993 93.0609
0.0007 31.9963
6781.5183 50.7041
9809.0035 70.9355
0.0007 81.1666
0.0010 45.3651
4300.4296 1.9944
4328.5027 50.4283
6526.4272 40.2845
6974.8332 48.5715
0.0002 68.5263
0.0010 78.0317
0.0004 93.0165
9999.9992 55.7995
9999.9996 87.3468
7799.0467 65.0142
9999.9998 86.8378
0.0004 11.8560
9999.9997 55.0022
7479.1576 64.8601
8100.1663 8.2719
9999.9991 49.4487
9999.9999 4.4051
7971.3295 32.1592
9999.9993 24.5626
0.0008 96.5255
8473.0318 9.3942
9999.9999 19.6540
752.8726 6.3699
0.0005 8.4302
0.0004 83.9487
0.0002 87.4075
7733.5810 39.4170
8574.1166 30.7056
9999.9992 66.0675
0.0011 53.4670
9999.9990 89.8648
9999.9994 20.8510
0.0010 93.2605
0.0008 15.1247
4252.4890 35.6771
4236.0412 74.6061
9999.9999 23.5597
9999.9990 52.5740
0.0002 52.8186
9999.9999 74.7500
0.0004 9.7605
9999.9998 50.6329
8070.6446 70.7220
9999.9992 95.9104
0.0008 89.1352
9483.4775 12.7924
10000.0000 16.0848
0.0007 35.0824
9999.9999 51.1091
9999.9991 89.4374
0.0005 4.8328
0.0002 5.1077
9999.9992 93.3401
9999.9990 34.6511
0.0006 64.2835
0.0009 80.3386
0.0007 68.0535
7018.4001 78.6892
606.6791 59.7992
0.0003 9.3072
10000.0000 44.2202
9999.9995 65.8510
42 0.0002 88.9201
0.0001 43.4711
0.0004 41.7394
0.0004 9.0501
775.7859 23.7489
1839.2107 97.1397
0.0002 68.1216
0.0009 15.1730
0.0006 6.8257
0.0009 60.3920
9999.9994 80.9568
5693.2717 78.3925
5538.0236 46.2727
9999.9993 82.2058
0.0007 70.2509
9999.9994 50.0050
9802.4004 73.9809
9999.9996 8.0247
9999.9995 96.0860
0.0006 90.7397
0.0006 71.7573
9999.9995 1.5873
0.0006 91.5469
8138.0807 93.5830
9999.9997 46.5663
9999.9994 73.1935
7410.4698 33.4859
6954.2284 43.9118
9999.9994 41.6080
6258.9320 75.6657
0.0008 86.2768
9999.9995 88.9201
7313.4772 55.3697
5604.0524 8.3854
0.0004 79.0408
1962.7303 88.8636
10000.0000 56.5623
9999.9991 25.5903
1955.7967 22.8679
4103.2743 15.0893
9999.9997 1.0713
0.0004 5.4140
9999.9999 18.6928
75 9999.9999 0.9261
9999.9996 49.5930
9999.9999 9.5383
9999.9992 44.8695
9999.9993 80.2164
9999.9993 39.4586
9999.9996 27.6692
9999.9998 4.5122
9999.9994 22.2194
9999.9999 88.2712
10000.0000 13.2925
9999.9990 34.7895
9999.9990 3.5001
9999.9993 4.2643
9999.9996 5.8761
9999.9996 27.9670
9999.9993 85.3714
9999.9993 49.8193
9999.9996 54.5116
9999.9994 90.7878
9999.9991 16.2816
9999.9994 19.6351
9999.9993 8.8278
9999.9997 59.0958
9999.9998 34.0880
9999.9994 60.8852
9999.9998 63.6138
9999.9990 95.0487
9999.9993 1.0987
9999.9991 34.8101
9999.9991 91.7747
9999.9996 41.1993
9999.9992 74.0195
9999.9999 43.1767
9999.9998 4.4214
9999.9990 22.1304
9999.9997 57.9670
9999.9999 33.3571
9999.9996 7.6679
9999.9992 60.8433
9999.9993 60.4493
9999.9995 33.9151
9999.9993 20.7843
9999.9992 83.0596
9999.9993 76.6472
9999.9991 93.3961
9999.9996 25.0344
9999.9992 9.9835
9999.9997 96.0443
9999.9991 45.2090
9999.9994 72.4871
9999.9999 93.8314
10000.0000 87.0707
9999.9993 66.5606
9999.9998 28.5554
9999.9993 3.1555
9999.9992 95.5464
9999.9996 93.2253
9999.9996 34.7650
9999.9999 32.3713
9999.9999 83.2689
9999.9992 37.5693
9999.9997 50.2128
10000.0000 0.9261
9999.9995 23.5798
9999.9991 69.3928
9999.9995 16.5082
9999.9995 69.2964
9999.9990 42.0342
9999.9998 3.1747
9999.9994 98.2657
9999.9999 39.6165
9999.9998 26.4779
9999.9995 69.8123
9999.9995 76.9748
9999.9998 83.3575
27 0.0008 94.1623
9999.9992 55.6403
3021.1840 6.6402
9999.9995 89.0046
2880.8308 69.3768
955.6387 94.1623
9999.9997 35.6271
8205.0985 31.7149
8236.1189 58.9263
0.0008 79.3477
5762.5698 20.2616
7055.1517 32.7237
0.0006 54.3969
0.0006 63.7774
10000.0000 65.0921
0.0007 39.4217
9999.9999 11.2836
7147.4945 72.2461
0.0001 48.5129
9999.9995 57.9551
1804.0331 41.7029
9999.9993 17.2275
9999.9992 10.6682
0.0010 65.7848
0.0009 28.4695
0.0005 26.7135
0.0006 58.6906
9999.9992 62.8742
61 9999.9998 98.6410
10000.0000 92.8058
9999.9996 15.5571
9999.9999 42.3024
0.0006 96.5600
0.0011 84.9912
0.0005 41.3249
9999.9993 5.2831
9999.9999 98.6410
9999.9990 28.9482
9999.9999 80.4893
10000.0000 44.2332
0.0001 78.0368
9999.9999 0.9538
9999.9995 5.1376
0.0003 76.8520
9999.9997 67.2330
0.0005 61.0619
9999.9991 39.7196
0.0002 79.2253
0.0002 30.3185
0.0005 95.3182
0.0006 54.5937
9999.9996 13.4228
0.0003 18.2089
0.0009 65.0267
9999.9993 62.0075
9999.9997 48.7827
0.0001 24.3693
9999.9998 38.5338
0.0004 68.4080
9999.9995 7.8340
0.0007 13.1845
0.0008 42.2502
0.0002 21.5013
0.0002 71.2691
0.0002 60.4730
0.0007 14.6241
9999.9997 16.9897
0.0004 6.6958
0.0011 68.8873
9999.9997 18.5463
9999.9992 46.8645
0.0007 97.4963
0.0010 95.2901
9999.9998 64.5237
9999.9995 7.9319
9999.9999 51.0543
9999.9996 85.0687
9999.9999 29.1130
0.0008 82.4475
0.0004 46.3525
9999.9991 82.6248
9999.9997 60.3476
9999.9995 96.6980
0.0011 63.8677
0.0003 48.4679
9999.9999 86.7412
0.0002 87.9714
0.0010 93.4018
0.0009 35.9676
9999.9999 5.6404
9 0.0004 9.8940
9999.9992 57.9207
9999.9992 68.9342
9999.9996 72.6087
9999.9995 36.5647
9999.9994 25.3010
9999.9997 9.8940
9999.9993 10.5846
9999.9998 72.4197
9999.9998 35.6059
30 0.0005 43.4081
0.0007 93.4613
0.0011 18.7023
0.0005 41.0055
0.0003 17.6811
0.0007 18.0380
0.0005 24.2220
0.0002 58.9250
0.0002 79.9034
0.0005 14.3416
0.0004 27.0889
0.0004 91.3038
0.0011 36.9666
0.0005 39.8322
0.0007 22.9194
0.0007 79.9296
0.0001 51.6501
0.0003 27.2344
0.0002 19.2109
0.0004 58.3624
0.0003 95.0247
0.0002 4.9323
0.0009 7.2068
0.0005 44.0074
0.0001 56.9522
0.0005 7.8365
0.0003 13.1154
0.0001 86.0667
0.0004 48.0163
0.0006 50.2461
0.0007 68.0613
11 9999.9991 95.5696
0.0010 68.8461
0.0006 63.5074
7010.5496 56.0958
0.0010 78.3063
9617.0434 2.9067
9999.9992 2.1235
2580.2284 57.1550
9999.9992 11.8953
9999.9997 25.7805
0.0010 32.3485
9999.9998 95.9281
4 5000.0000 75.0000
10.0000 30.0000
20.0000 50.0000
300.0000 95.0000
40.0000 2.0000
36 0.0003 99.5278
9999.9998 99.5278
9999.9998 58.1818
9999.9995 78.1643
9999.9991 57.6705
9999.9994 42.3302
9999.9998 48.1148
9999.9991 78.7610
9999.9997 14.4312
9999.9991 73.1225
9999.9997 92.6568
9999.9991 27.1761
9999.9998 27.3382
9999.9994 41.1806
9999.9999 39.0153
9999.9997 73.9705
9999.9999 76.3545
9999.9992 3.5687
9999.9998 78.1513
9999.9995 70.6830
9999.9994 44.7133
9999.9998 54.1154
9999.9992 43.2166
9999.9999 22.3836
9999.9991 83.8308
9999.9992 94.4227
9999.9999 54.9950
9999.9991 50.8366
9999.9995 51.2040
9999.9993 23.3201
9999.9999 79.5164
9999.9991 76.7100
9999.9996 36.8646
9999.9993 51.6166
9999.9997 89.8191
9999.9996 4.4376
9999.9997 12.0417
58 1238.0451 0.6312
0.0009 99.7540
0.0002 97.7813
9999.9999 2.1285
0.0005 98.2219
9999.9993 96.2253
0.0009 98.1975
0.0002 7.3511
9999.9995 8.9266
0.0008 7.2055
0.0007 1.7148
9999.9995 3.6353
9999.9996 89.9829
9999.9996 93.6904
0.0010 96.8876
9999.9993 92.2234
0.0009 9.6169
9999.9995 98.7515
9999.9997 95.6947
9999.9995 7.2404
9999.9995 92.8598
9999.9999 5.7756
0.0011 99.2682
0.0009 6.1381
0.0009 95.7338
0.0006 3.8639
0.0003 1.8228
9999.9997 7.9119
0.0006 90.4929
9999.9997 4.9279
0.0005 6.2583
0.0007 5.0384
0.0003 3.7439
0.0009 99.0997
9999.9990 91.8241
0.0008 90.5906
9999.9998 0.9558
9999.9991 4.7245
0.0008 99.5453
0.0009 96.1795
9999.9992 93.2568
9999.9992 4.6774
0.0002 97.2773
0.0010 90.5092
9999.9991 0.3065
9999.9992 93.3391
0.0005 3.7764
0.0005 3.0642
9999.9993 92.5071
9999.9996 3.5299
0.0006 8.6574
9999.9998 2.8228
9999.9991 94.7704
0.0004 6.2062
9999.9992 90.3305
9999.9994 97.0059
0.0004 6.9523
9999.9991 9.6586
9999.9997 90.8473
2 30.0000 65.4321
0.0001 50.0000
100.0000 99.9000
96 0.0006 99.8256
9999.9994 72.8409
9999.9998 80.1643
10000.0000 24.2324
9999.9994 96.8596
9999.9999 34.1685
9999.9996 38.7975
9999.9993 86.7728
9999.9997 22.3373
9999.9994 98.6841
9999.9998 8.3958
10000.0000 84.9121
9999.9990 13.0304
9999.9997 90.6978
9999.9993 21.0457
10000.0000 12.7868
10000.0000 35.4844
9999.9999 84.6004
9999.9997 85.5962
9999.9997 63.7645
9999.9999 73.3781
9999.9998 92.3820
9999.9992 11.7149
9999.9993 20.8724
9999.9991 26.2536
10000.0000 59.1351
9999.9993 94.0763
9999.9999 7.2931
9999.9990 35.3047
9999.9991 6.3948
9999.9998 48.8145
9999.9997 79.1329
9999.9996 69.1790
9999.9998 26.0474
9999.9991 20.6527
9999.9994 21.7088
9999.9992 55.5961
9999.9997 33.4406
9999.9990 71.2789
9999.9999 92.8723
9999.9994 11.4345
9999.9992 12.0019
9999.9998 35.0747
9999.9999 17.0162
9999.9995 41.1841
9999.9998 65.0101
9999.9998 99.6246
9999.9994 32.9359
9999.9998 12.6829
9999.9997 83.4775
9999.9997 55.6180
9999.9997 40.7047
9999.9997 12.0497
9999.9995 92.0632
9999.9994 39.8098
10000.0000 36.6053
9999.9995 97.1657
9999.9999 57.8337
9999.9999 13.8118
9999.9993 8.7368
9999.9992 98.7788
9999.9995 28.8218
9999.9993 17.6057
9999.9997 38.0926
9999.9993 6.3484
9999.9997 39.8259
9999.9991 67.4057
9999.9999 99.6163
9999.9993 67.8133
9999.9995 43.2586
9999.9998 0.5609
9999.9994 43.2798
9999.9996 5.5642
9999.9994 99.5752
9999.9992 92.5034
9999.9999 2.2367
9999.9991 26.2852
9999.9995 16.1825
9999.9998 82.3492
9999.9999 30.5961
9999.9991 99.8256
9999.9993 48.4126
9999.9997 15.0098
9999.9999 25.1847
9999.9993 53.3417
9999.9993 1.2651
9999.9997 70.1582
9999.9994 79.2436
10000.0000 44.1801
9999.9994 89.0118
9999.9994 2.2914
9999.9999 25.6863
9999.9994 4.0117
9999.9990 63.7887
9999.9992 84.1086
9999.9994 87.5574
9999.9998 25.3073
53 572.1069 98.2892
0.0008 92.9436
9999.9991 6.9784
0.0006 97.9641
0.0007 4.9971
0.0007 92.4041
0.0008 2.7031
9999.9997 98.9251
10000.0000 91.4213
0.0001 3.1339
0.0008 3.9917
9999.9998 96.7319
9999.9994 92.6807
0.0007 99.1803
9999.9991 96.9793
9999.9991 96.8090
9999.9993 97.0166
0.0009 93.7882
9999.9996 99.8514
0.0011 4.4625
9999.9993 5.2920
9999.9993 4.2515
0.0011 4.9262
0.0011 9.6734
9999.9995 94.9232
9999.9993 8.2919
0.0007 1.2793
0.0007 93.5352
0.0005 3.4752
9999.9996 7.8444
0.0006 95.5873
9999.9994 99.4678
9999.9991 1.3419
0.0010 97.7345
9999.9992 99.1712
9999.9997 95.3059
0.0001 90.3877
0.0008 93.7349
9999.9992 99.0709
9999.9990 0.1445
9999.9999 0.5014
0.0010 93.2399
9999.9994 1.7531
9999.9993 98.8692
9999.9996 94.5496
9999.9995 96.5664
0.0008 95.4463
9999.9991 95.8445
0.0004 4.7632
0.0007 7.9506
0.0009 4.6271
0.0007 8.8005
0.0002 94.2057
0.0010 95.7696
9 9999.9996 70.9042
0.0010 8.5873
3056.2370 25.5395
0.0002 64.6483
9999.9997 62.2595
0.0005 51.6221
2757.7770 70.7866
1364.4509 43.3463
9999.9994 70.9042
9999.9991 16.4655
64 0.0007 7.3835
0.0004 39.3087
0.0007 92.9708
0.0001 7.3728
0.0007 77.1073
0.0002 81.4113
0.0002 96.9324
0.0005 78.4440
0.0008 38.6822
0.0007 28.8112
0.0002 97.9093
0.0009 95.4852
0.0006 66.0532
0.0001 70.9958
0.0010 53.6684
0.0006 31.7804
0.0007 27.8357
0.0009 16.0455
0.0006 52.5516
0.0005 75.9065
0.0002 65.1282
0.0011 84.8890
0.0004 13.7872
0.0005 58.2859
0.0007 79.1725
0.0008 18.1154
0.0005 77.2434
0.0003 20.0155
0.0004 51.7142
0.0005 80.9190
0.0006 30.1843
0.0002 14.1996
0.0009 13.0488
0.0004 22.9081
0.0004 51.6264
0.0004 93.7701
0.0010 52.6759
0.0008 25.4060
0.0008 98.4802
0.0010 55.1732
0.0007 79.7804
0.0006 45.7810
0.0007 42.0353
0.0010 21.9841
0.0009 93.9452
0.0004 74.9122
0.0001 84.7806
0.0005 28.3253
0.0003 56.8274
0.0001 36.8416
0.0008 56.5988
0.0010 26.5371
0.0009 64.7375
0.0006 47.0608
0.0004 53.0510
0.0001 51.8480
0.0010 41.9184
0.0001 62.3527
0.0003 37.6256
0.0011 28.2456
0.0002 28.9140
0.0002 69.5353
0.0006 35.9125
0.0005 91.0136
0.0005 96.5714
16 9999.9990 3.6727
0.0003 5.3818
0.0007 79.3088
0.0002 94.9823
0.0003 64.6351
0.0005 81.1405
0.0009 36.2273
0.0003 6.5183
0.0006 52.5024
0.0002 10.8940
0.0005 92.9745
0.0004 42.9194
0.0010 40.0715
0.0004 3.6727
0.0001 73.4268
0.0010 61.4410
0.0003 9.1275
25 5192.7898 0.8896
9999.9991 93.5459
0.0003 2.4579
9999.9999 99.0927
0.0007 92.0161
9999.9998 99.6883
0.0009 93.2409
10000.0000 91.6383
9999.9990 92.0525
9999.9994 7.2785
9999.9991 91.4018
0.0006 97.3975
0.0008 95.9549
9999.9991 8.1626
9999.9992 90.7941
0.0005 92.7419
0.0006 5.4083
0.0005 7.4196
0.0002 2.6953
9999.9990 0.8896
9999.9992 5.8568
9999.9995 6.9073
0.0002 97.5667
0.0008 8.8371
9999.9997 95.5473
0.0002 9.3887
54 8232.8448 1.4025
9723.3894 93.9446
818.1794 99.1131
9689.4865 7.7820
1574.1117 3.3177
8242.8128 5.7796
3876.5662 3.9027
4971.5077 90.7545
4481.6073 7.5207
773.5198 3.5928
1066.9883 95.7957
3348.7047 5.4744
4947.1284 2.1320
8391.1556 96.7167
3995.6796 96.5912
1155.2841 10.0211
1338.2691 91.8092
5831.4364 95.2958
4900.4235 97.3912
3823.5456 9.4538
7043.6009 4.8143
2372.5893 3.6998
2225.0109 1.7667
5767.7561 94.8490
9220.7146 93.9606
5437.2856 97.5566
2844.7870 3.0028
8946.5764 97.6998
824.8899 6.6938
8985.2454 4.0220
8969.1848 3.5843
7706.7151 3.4336
9776.0905 7.0734
7376.0185 10.0718
9844.8182 6.1356
9558.6180 9.5043
7651.6858 99.6056
9539.5658 3.6336
6104.8866 93.5279
1704.1834 98.5109
4648.8938 95.6557
3827.6661 2.6339
4718.8287 7.7828
9837.9511 97.5481
699.0821 1.3523
7162.4370 3.0982
9147.3415 91.0037
6295.7495 8.9683
1580.5018 4.6720
3471.0483 94.4670
7795.8350 90.6440
2561.9560 90.4114
271.4573 90.1873
422.1744 1.4857
8314.8240 98.5450
26 0.0001 48.2516
10000.0000 8.6231
0.0006 99.0829
9999.9994 78.1192
0.0005 76.7869
9999.9994 16.2100
0.0010 5.2115
9999.9995 59.5137
9999.9992 42.5582
0.0002 50.2191
9999.9995 33.7785
9999.9998 30.1829
0.0008 48.2516
0.0008 41.7434
9999.9991 22.1797
9999.9996 17.1476
0.0011 63.6331
0.0003 87.3982
9999.9994 65.2686
9999.9994 84.9621
0.0004 64.0413
0.0003 69.7444
0.0008 18.8900
9999.9994 22.4585
9999.9997 9.8903
0.0006 91.2254
0.0007 30.8812
2 0.0001 0.1000
0.0001 0.1001
0.0001 0.1002
