100
2 99.9991 44.9181
0.0007 58.1159
22.0008 31.7203
2 0.0003 73.8604
0.0006 86.2293
99.9991 73.8604
2 99.9997 48.6849
0.0006 3.0871
98.7591 94.2826
2 99.9994 37.1322
99.9998 2.9956
0.0003 37.2644
2 100.0000 65.1586
0.0001 65.1587
99.9999 65.1586
2 0.0003 64.2875
99.9996 20.4556
0.0010 64.2875
2 100.0000 65.1587
0.0001 65.1587
99.9999 65.1586
2 99.9999 56.0382
99.9998 56.0382
26.7544 74.3766
2 99.9998 93.4274
0.0001 93.4274
0.0007 33.1627
2 99.9991 62.7872
0.0009 62.7872
99.9999 60.6143
2 0.0005 56.4208
99.9995 56.4208
0.0003 74.8472
2 59.1081 96.8236
85.9566 98.5488
45.9915 93.5993
2 100.0000 5.9217
0.0011 5.9217
99.9996 71.0002
2 0.0008 69.1044
99.9996 82.1464
99.9998 69.0043
2 99.9992 19.6653
0.0002 19.6653
0.0009 42.1724
1 35.7889 0.1000
2.3322 67.1006
2 99.9997 47.8585
33.4434 47.8585
99.9991 37.2997
2 100.0000 88.3983
99.9999 88.3984
0.0001 88.3983
2 0.0005 5.6881
0.0003 5.6881
0.0007 66.1880
2 0.0008 20.8592
0.0006 78.5524
0.0002 20.8592
2 0.0007 60.9777
0.0004 60.9777
99.9999 4.4542
2 99.9998 10.7790
0.0006 10.7790
0.0009 13.5456
2 99.9997 75.5014
99.9993 87.6195
99.9995 75.5024
2 0.0005 73.1119
100.0000 73.0050
0.0010 80.2225
2 99.9998 29.4198
19.1292 29.3768
99.9995 86.7128
2 99.9995 65.1604
99.9995 56.6058
99.9996 73.7151
2 17.9060 55.0464
86.4621 13.2983
5.8285 32.6055
2 0.0003 58.5104
0.0010 99.4263
0.0002 17.5945
2 0.0005 60.0285
99.9992 44.3849
0.0011 60.3132
2 99.9993 94.8586
99.9991 92.3767
99.9998 97.3404
2 9.5573 90.4849
0.0001 90.4849
0.0002 90.4849
2 54.4040 15.0773
81.5228 15.0773
9.5269 15.0773
2 5.0000 99.9000
30.0000 99.8999
20.0000 99.7000
2 0.0010 97.4402
99.9992 71.1101
99.9994 97.4400
2 99.9996 66.8218
99.9990 54.6319
0.0008 79.0116
2 99.2679 10.1340
100.0000 10.1340
99.9999 10.1340
2 26.1801 36.3854
88.8080 43.7002
86.8395 49.2178
1 39.3989 0.1000
5.5765 0.1000
2 0.0001 41.4010
0.0003 41.4010
14.0241 63.2741
2 0.0001 31.2681
4.4552 17.6550
58.9821 44.8811
2 100.0000 88.3984
99.9999 88.3984
0.0001 88.3983
2 79.8807 58.6156
14.5796 30.7424
53.5945 1.5642
2 0.0010 50.1431
0.0006 40.5604
99.9997 50.1431
2 0.0009 54.7716
99.9994 51.5164
99.9999 54.7716
2 99.9992 92.6554
0.0001 92.6554
0.0003 81.6550
2 99.9997 95.1279
99.9990 37.8864
99.9992 95.1279
2 0.0003 21.6452
0.0002 74.7101
0.0005 21.6167
1 85.7699 99.9000
73.9157 99.9000
2 99.9996 47.4862
29.0882 83.5863
99.9999 47.4862
2 99.9999 37.3501
99.9992 42.9059
0.0001 31.7942
1 10.0000 50.0000
0.2000 50.0000
2 0.0007 21.5124
99.9996 21.5124
99.9996 39.4561
2 99.9991 49.7612
0.0009 25.4370
0.0002 74.0854
2 99.9996 55.7021
99.9994 55.6238
0.0009 84.7855
2 99.9998 44.9488
0.0006 1.6677
99.9997 44.9488
2 0.0011 47.3733
0.0004 65.8629
99.9999 28.8837
2 33.3123 67.8967
98.9396 67.8959
80.6106 13.0894
2 99.9995 28.7422
80.3785 0.1692
99.9999 28.7422
2 99.4808 76.9326
99.9999 76.9326
100.0000 76.9326
2 0.0001 0.1001
0.0001 0.1003
0.0001 0.1000
2 47.8845 30.0240
93.6628 79.9001
78.9998 79.9001
2 38.8914 45.9955
0.0001 45.9955
0.0002 45.9955
1 42.2963 99.9000
20.5955 60.9942
2 0.0007 16.0114
0.0006 16.0114
0.0004 13.2627
2 0.0006 30.7310
99.9999 44.7992
100.0000 16.6628
2 0.0003 22.3845
99.9995 14.9140
90.8591 29.8550
2 99.9996 45.9942
0.0008 46.1952
0.0008 38.5784
2 70.3698 41.7995
39.7828 96.9302
60.5076 5.5520
2 99.9992 47.0024
99.9992 13.4870
99.9992 47.1832
2 0.0007 85.8037
100.0000 86.1377
99.9993 61.2513
2 0.0004 46.2254
0.0011 36.9123
0.0002 46.4957
1 78.7210 10.0791
60.3373 10.0791
2 0.0004 58.7598
0.0006 58.7598
99.9998 45.8413
2 61.0530 21.7742
87.9541 21.7742
38.1685 21.7742
2 100.0000 75.6127
70.0263 75.6127
27.0364 27.7990
2 99.9993 50.0589
99.9996 50.0589
99.9993 83.6425
2 99.9995 13.5306
58.9138 13.5306
99.9994 55.0192
2 0.0002 11.0496
0.0004 11.0496
0.0004 23.6969
2 100.0000 77.5656
73.2563 82.6939
7.1996 72.4372
2 99.9997 25.1939
99.9994 25.1939
0.0003 56.3938
2 26.9350 30.4702
55.6008 75.9479
39.6280 30.4713
2 99.9993 98.0762
100.0000 98.0762
99.9997 80.7884
2 96.1743 4.6220
99.9991 4.6220
0.0008 7.8907
2 0.0005 25.1104
99.9992 25.1104
99.9994 94.8232
2 99.9993 40.9761
99.9993 41.3091
0.0010 33.1638
2 0.0001 0.1000
0.0001 0.1001
0.0001 0.1002
2 0.0002 25.1801
0.0011 99.6580
0.0004 25.1440
2 99.9990 60.2240
0.0001 60.2240
99.9998 11.8813
2 99.9998 58.2636
99.9998 58.1930
99.9994 72.3487
2 99.9993 56.7113
99.9996 8.7676
99.9998 57.0426
2 0.0005 34.3112
36.8657 34.3112
0.0004 2.2795
2 30.0000 65.4321
0.0001 50.0000
100.0000 99.9000
2 0.0001 77.2831
0.0001 97.3911
0.0001 57.1751
2 0.0009 87.7342
0.0007 87.6442
99.9998 89.3885
2 100.0000 10.6539
0.0009 10.6417
99.9990 45.7646
2 0.0001 41.7743
0.0010 41.9999
99.9996 10.2499
1 84.9837 49.1584
47.9303 49.1577
2 99.9996 34.3673
99.9992 46.6129
99.9993 22.1217
2 0.0009 23.8800
0.0009 23.8800
99.9998 8.2133
2 99.9998 61.4396
0.0003 90.5546
0.0002 61.3615
