100
1 2 1
3 1 2
5 4 10
5 2 6
5 2 7
1 1 1
4 4 10
20 1 5
1 4 1
3 2 3
9 1 4
5 4 16
1 10 4
1 6 3
11 1 7
3 3 9
1 12 9
1 5 5
2 8 2
8 2 5
1 6 4
2 1 1
2 5 6
1 9 1
3 3 8
3 3 5
20 1 6
5 3 15
20 1 1
11 1 5
1 9 7
1 13 11
1 20 17
5 4 5
1 1 1
1 18 5
5 3 1
4 4 10
1 4 3
4 5 14
1 20 5
4 4 14
4 2 1
1 1 1
5 1 3
17 1 12
1 4 1
2 5 8
5 1 5
1 18 13
4 1 4
1 11 4
15 1 2
5 2 3
5 1 1
1 9 7
17 1 14
1 3 3
5 4 14
7 1 6
14 1 6
5 3 13
1 18 6
5 1 4
1 10 2
3 4 12
3 5 9
4 1 3
2 10 3
2 2 2
13 1 7
1 17 1
4 4 12
2 7 2
8 2 8
1 8 3
1 5 1
1 15 8
1 18 1
2 3 3
3 4 8
1 18 4
5 2 3
5 1 1
2 5 3
4 1 4
8 2 6
3 6 15
9 1 4
4 3 10
3 2 2
1 7 2
9 1 1
1 20 4
1 20 19
2 8 6
2 6 6
1 10 8
16 1 5
19 1 18
