100
4 2
5 2
6 2
1000 1000
1000 1
999 127
1000 499
454 407
500 245
500 73
1000 2
500 1
500 500
975 855
500 248
500 128
542 457
898 758
1000 511
616 568
1000 255
999 511
450 442
2 2
500 244
822 818
623 499
999 255
856 698
776 710
500 127
391 334
457 417
780 627
1000 127
500 250
999 488
457 434
497 419
5 1
999 498
555 480
681 611
584 583
558 425
1000 256
449 422
846 668
446 418
500 255
372 280
500 117
1000 489
1000 128
1000 335
999 999
500 116
1000 488
290 229
2 1
679 622
905 703
500 249
999 456
561 448
999 256
4 1
846 638
1000 512
500 2
999 1
500 499
849 750
999 128
3 1
999 499
999 497
500 234
3 2
1000 498
949 892
440 409
511 469
1000 500
293 228
311 252
309 295
500 256
278 224
971 814
999 487
306 298
999 2
999 998
999 512
1000 999
999 496
1 1
267 237
573 497
