1000
82 866
150 607
21 197
12 565
15 302
150 606
77 477
90 555
30 891
181 730
152 305
112 225
321 643
317 635
102 205
1 1000
216 433
216 663
342 685
342 816
158 317
158 493
266 533
266 848
190 766
190 765
190 767
190 961
146 293
146 556
171 690
171 689
171 691
171 840
72 765
72 764
72 766
72 830
12 564
12 563
12 565
12 594
84 519
84 518
84 520
84 590
107 434
107 433
107 435
107 527
189 762
189 761
189 763
189 968
87 537
87 536
87 538
87 643
80 161
80 324
43 273
43 272
43 274
43 286
107 215
107 350
12 795
12 794
12 796
12 799
26 710
26 709
26 711
26 764
5 396
5 395
5 397
5 410
117 235
117 400
141 283
141 466
292 585
292 857
301 603
301 691
32 830
32 829
32 831
32 865
117 717
117 716
117 718
117 777
121 741
121 740
121 742
121 916
213 427
213 800
178 718
178 717
178 719
178 924
21 693
21 692
21 694
21 758
388 777
388 986
145 586
145 585
145 587
145 816
170 686
170 685
170 687
170 773
151 303
151 338
314 629
314 822
155 311
155 500
389 779
389 850
80 668
80 667
80 669
80 713
172 345
172 406
335 671
335 915
348 697
348 736
232 465
232 554
113 227
113 271
303 607
303 616
3 207
3 206
3 208
3 234
212 425
212 607
15 31
15 56
118 723
118 722
118 724
118 932
90 555
90 554
90 556
90 702
469 939
469 958
216 433
216 816
110 675
110 674
110 676
110 847
399 799
399 972
221 443
221 481
179 722
179 721
179 723
179 739
155 311
155 522
211 423
211 709
49 535
49 534
49 536
49 608
214 862
214 861
214 863
214 929
307 615
307 889
416 833
416 1000
66 270
66 269
66 271
66 396
73 612
73 611
73 613
73 614
404 809
404 830
101 203
101 216
173 347
173 665
425 851
425 983
462 925
462 990
232 465
232 664
335 671
335 974
184 369
184 608
83 167
83 270
38 158
38 157
38 159
38 199
69 282
69 281
69 283
69 408
164 662
164 661
164 663
164 905
241 483
241 729
123 753
123 752
123 754
123 933
125 506
125 505
125 507
125 662
21 255
21 254
21 256
21 288
78 483
78 482
78 484
78 489
406 813
406 827
405 811
405 851
85 525
85 524
85 526
85 701
416 833
416 918
69 429
69 428
69 430
69 553
19 129
19 128
19 130
19 131
383 767
383 929
274 549
274 855
11 351
11 350
11 352
11 374
367 735
367 882
309 619
309 958
146 590
146 589
146 591
146 641
235 471
235 529
98 398
98 397
98 399
98 425
232 465
232 858
101 203
101 374
296 593
296 884
11 50
11 49
11 51
11 60
281 563
281 989
144 289
144 504
196 790
196 789
196 791
196 865
183 468
124 758
124 760
124 962
40 545
40 547
40 565
54 584
54 586
54 684
314 806
200 774
89 221
364 950
213 853
93 572
93 574
93 771
248 847
52 443
52 445
52 469
29 769
29 771
29 846
331 974
117 716
117 718
117 950
249 664
277 706
242 488
470 956
113 457
113 459
113 465
134 418
269 587
290 923
278 598
75 627
75 629
75 665
89 548
89 550
89 625
65 547
65 549
65 553
88 357
88 359
88 514
292 743
212 814
163 657
163 659
163 715
13 272
13 274
13 303
191 720
236 535
208 447
2 274
2 276
2 296
201 596
331 999
77 643
77 645
77 707
267 893
71 440
71 442
71 446
184 741
184 743
184 959
63 257
63 259
63 333
344 702
11 847
11 849
11 923
339 714
126 509
126 511
126 599
119 481
119 483
119 726
122 746
122 748
122 887
22 398
22 400
22 412
88 357
88 359
88 394
251 696
37 818
37 820
37 834
31 615
31 617
31 692
115 704
115 706
115 926
33 461
33 463
33 549
101 269
308 976
1 299
1 301
1 323
283 640
131 800
131 802
131 950
7 231
7 233
7 236
217 873
217 875
217 909
318 642
57 888
57 890
57 896
297 789
419 899
356 840
152 613
152 615
152 642
214 653
13 57
13 59
13 72
14 688
14 690
14 706
112 686
112 688
112 704
112 686
112 688
112 784
148 597
148 599
148 715
95 385
95 387
95 440
61 249
61 251
61 369
211 450
188 757
188 759
188 911
240 878
33 291
33 293
33 336
120 485
120 487
120 640
200 805
200 807
200 952
95 584
95 586
95 743
221 889
221 891
221 946
7 644
7 646
7 667
192 773
192 775
192 802
150 605
150 607
150 840
292 916
332 812
29 868
29 870
29 944
225 858
106 650
106 652
106 853
268 754
400 995
132 459
143 573
81 206
15 422
15 424
15 482
306 933
74 784
74 786
74 899
312 988
435 889
178 611
10 900
10 902
10 952
23 803
381 775
126 877
127 468
76 750
119 838
239 600
44 578
434 955
137 899
377 860
374 809
213 525
42 962
11 428
28 194
231 536
40 629
7 512
80 312
94 646
178 642
245 972
204 572
163 756
348 828
152 417
425 986
52 229
325 886
254 702
176 699
388 930
134 637
342 724
7 977
47 939
20 331
241 884
25 603
173 878
155 374
183 523
249 966
100 353
189 653
4 751
34 324
96 341
189 730
61 638
49 826
15 645
98 555
256 604
25 637
19 533
48 654
20 666
54 219
251 961
105 860
129 677
239 543
145 846
391 808
90 599
5 165
7 577
382 984
250 571
204 460
105 412
69 712
63 400
70 481
22 820
100 873
27 100
144 906
5 220
203 900
139 603
367 807
73 629
240 726
193 431
229 672
114 557
155 585
125 923
54 540
30 659
33 818
21 640
9 631
76 199
119 357
258 607
65 492
359 771
11 579
136 806
241 875
136 893
136 308
41 530
344 965
116 765
332 759
142 911
249 726
105 744
416 989
310 788
179 761
40 924
454 986
465 957
265 830
151 910
467 947
413 914
77 358
41 653
403 970
116 919
52 578
296 680
58 119
214 592
277 654
73 749
281 717
42 856
299 992
261 959
408 869
466 969
135 924
399 825
121 336
411 872
88 757
145 909
107 961
41 430
322 666
264 937
25 517
393 876
198 718
335 918
41 791
29 864
43 983
312 934
89 183
195 967
235 964
164 420
113 833
52 476
181 695
54 631
8 880
57 490
274 654
86 640
4 739
115 492
220 910
25 561
48 510
229 521
136 940
338 890
54 329
7 567
359 856
35 275
168 943
209 540
213 965
17 509
289 593
310 734
188 545
208 832
381 832
156 791
89 187
199 420
354 958
71 414
48 938
270 786
131 523
146 785
71 536
136 507
155 511
329 920
51 432
45 888
130 840
213 457
104 623
157 695
48 772
109 331
281 931
4 968
126 696
122 501
283 715
318 953
117 677
92 789
224 802
189 531
82 829
3 625
199 932
45 982
169 568
22 76
144 611
171 755
313 887
113 751
198 953
251 542
247 596
19 287
345 980
207 980
242 940
32 323
13 992
5 998
114 549
141 486
111 768
10 106
137 786
76 441
33 818
142 405
6 208
311 720
228 776
250 930
204 569
123 590
273 658
211 784
112 969
167 611
412 917
104 973
32 197
31 372
200 452
28 985
431 955
237 580
215 791
360 722
237 509
1 341
179 827
198 574
20 233
275 756
152 584
457 923
323 660
31 253
19 697
169 863
163 477
258 624
75 769
126 905
103 626
258 887
166 489
280 675
337 1000
191 830
306 949
203 724
107 676
180 566
363 804
165 813
396 967
37 722
340 840
264 716
73 264
251 684
75 521
326 770
273 926
186 860
90 255
107 532
21 194
25 198
148 902
186 543
20 409
226 736
347 792
72 215
326 704
271 681
61 178
241 910
129 477
146 531
102 795
174 795
208 551
151 359
234 659
237 837
15 981
46 437
34 943
213 958
103 946
21 414
230 735
307 740
281 614
207 516
49 418
199 982
185 515
71 678
340 769
10 453
389 786
68 475
172 808
144 671
381 957
268 956
92 542
92 822
423 931
111 830
219 741
80 655
278 612
92 814
280 575
113 567
200 923
264 599
27 897
57 258
42 540
105 656
224 526
179 547
301 940
296 632
259 844
261 803
132 429
204 966
104 915
38 318
419 966
260 590
206 987
150 423
411 998
423 917
179 649
234 945
430 910
293 914
32 124
358 877
267 868
352 942
253 797
109 419
128 781
111 346
110 832
222 698
207 667
1 445
148 827
91 403
170 498
219 623
51 535
92 518
233 804
18 409
22 148
158 461
82 882
12 57
250 902
181 771
268 959
170 515
184 898
17 831
86 988
97 372
73 586
155 315
226 810
248 860
78 302
160 722
185 558
234 641
118 427
238 827
19 151
2 527
123 422
443 897
224 860
71 669
299 807
381 986
164 588
54 227
121 980
28 898
143 844
166 701
36 905
75 385
85 712
355 989
264 952
34 963
163 804
67 329
16 414
1 528
269 610
156 491
23 765
123 595
157 808
199 440
57 248
166 444
120 270
108 286
108 690
20 636
96 241
119 790
114 844
183 452
257 784
195 911
236 720
164 433
146 702
165 419
85 823
68 939
172 545
233 973
