1000
181 731
15 302
82 866
97 395
30 892
27 244
181 730
30 891
90 555
150 606
155 311
9 19
152 305
282 565
137 275
1 1000
216 433
216 508
97 195
97 323
63 675
63 674
63 676
63 765
155 311
155 601
107 434
107 433
107 435
107 518
22 897
22 896
22 898
22 948
174 349
174 364
152 305
152 422
307 615
307 683
96 591
96 590
96 592
96 773
61 250
61 249
61 251
61 278
168 678
168 677
168 679
168 771
38 837
38 836
38 838
38 903
296 593
296 987
52 105
52 130
4 114
4 113
4 115
4 145
6 846
6 845
6 847
6 853
201 810
201 809
201 811
201 967
208 417
208 821
178 718
178 717
178 719
178 876
117 235
117 296
287 575
287 671
15 715
15 714
15 716
15 767
105 868
105 867
105 869
105 981
2 119
2 118
2 120
2 141
65 846
65 845
65 847
65 983
15 148
15 147
15 149
15 164
25 441
25 440
25 442
25 461
123 498
123 497
123 499
123 577
254 509
254 758
44 89
44 125
11 686
11 685
11 687
11 757
195 391
195 475
60 121
60 242
259 519
259 822
128 518
128 517
128 519
128 540
117 235
117 383
414 829
414 910
220 441
220 783
181 730
308 617
308 812
202 405
202 535
36 696
36 695
36 697
36 778
106 876
106 875
106 877
106 1000
117 474
117 473
117 475
117 583
158 963
158 962
158 964
158 994
62 665
62 664
62 666
62 670
226 453
226 568
400 801
400 822
218 437
218 470
281 563
281 914
170 341
170 428
299 599
299 976
239 479
239 883
244 489
244 830
365 731
365 989
4 697
4 696
4 698
4 702
48 198
48 197
48 199
48 287
140 281
140 565
104 639
104 638
104 640
104 674
291 583
291 725
122 747
122 746
122 748
122 871
18 282
18 281
18 283
18 325
135 271
135 417
42 267
42 266
42 268
42 363
77 477
77 476
77 478
77 540
201 403
201 702
99 199
99 400
141 861
141 860
141 862
141 933
181 730
181 729
181 731
181 880
163 327
163 477
302 605
302 982
192 774
192 773
192 775
192 888
129 522
129 521
129 523
129 571
167 335
167 351
34 567
34 566
34 568
34 574
24 159
24 158
24 160
24 180
103 852
103 851
103 853
103 963
33 67
33 127
256 513
256 702
269 539
269 951
186 373
186 638
110 908
110 907
110 909
110 926
185 371
185 438
386 773
386 832
473 947
473 976
243 487
243 874
319 639
319 742
285 571
285 687
43 582
43 581
43 583
43 607
293 587
293 612
72 765
72 764
72 766
72 907
4 85
4 84
4 86
4 89
9 100
9 99
9 101
9 116
316 633
316 953
135 271
135 489
282 565
282 916
5 45
5 44
5 46
5 58
259 519
259 729
285 571
285 905
114 699
114 698
114 700
114 922
4 939
4 941
4 951
62 523
62 525
62 564
129 788
129 790
129 932
125 764
125 766
125 908
32 934
32 936
32 957
163 400
308 932
117 263
86 349
86 351
86 466
11 115
11 117
11 146
201 809
201 811
201 929
15 797
15 799
15 839
371 763
17 116
17 118
17 149
247 882
300 656
35 679
35 681
35 744
80 325
80 327
80 395
316 659
363 846
263 986
67 416
67 418
67 518
13 327
13 329
13 342
68 422
68 424
68 510
76 262
101 409
101 411
101 453
13 911
13 913
13 935
169 430
26 454
26 456
26 485
41 557
41 559
41 634
375 973
224 901
224 903
224 994
34 384
34 386
34 430
1 56
107 656
107 658
107 742
237 821
268 946
156 560
209 648
262 734
21 55
96 201
158 637
158 639
158 822
445 903
163 593
291 688
114 461
114 463
114 590
30 89
148 524
85 245
179 721
179 723
179 810
32 283
32 285
32 335
178 717
178 719
178 883
368 886
45 839
45 841
45 856
143 577
143 579
143 809
50 179
87 353
87 355
87 520
294 715
249 743
6 845
6 847
6 881
220 575
265 832
456 997
150 605
150 607
150 804
61 380
61 382
61 513
17 328
17 330
17 339
103 417
103 419
103 559
129 788
129 790
129 806
44 181
44 183
44 259
173 697
173 699
173 701
148 902
148 904
148 940
174 408
94 779
94 781
94 900
218 708
92 566
92 568
92 692
104 638
104 640
104 806
29 121
29 123
29 160
409 920
85 894
85 896
85 995
49 141
334 843
41 890
41 892
41 948
422 950
146 589
146 591
146 792
61 654
61 656
61 694
115 242
379 895
62 253
62 255
62 367
84 518
84 520
84 634
231 929
231 931
231 996
210 837
170 685
170 687
170 755
349 898
92 763
92 765
92 832
4 939
4 941
4 995
262 585
56 475
56 477
56 567
376 782
200 817
291 889
188 431
232 885
16 152
68 417
101 800
68 456
172 791
175 478
123 285
302 881
241 689
4 481
252 982
201 911
84 378
327 824
246 775
40 667
16 352
427 910
30 807
120 789
212 716
6 49
21 870
66 904
9 670
48 113
159 847
184 670
84 631
249 823
123 967
210 609
67 152
449 983
9 530
295 662
322 979
24 895
200 864
225 875
221 724
92 383
206 837
231 615
24 314
62 964
162 889
51 236
470 996
7 153
21 500
33 499
19 869
335 706
27 639
118 428
126 631
302 944
312 831
105 747
68 654
21 62
211 915
243 560
120 503
123 569
33 390
354 821
383 908
307 964
115 765
56 975
178 484
203 624
129 334
84 787
220 859
77 945
3 90
68 310
190 564
193 435
21 561
414 871
393 927
15 469
128 660
330 775
92 918
3 279
229 770
164 658
156 581
97 730
152 377
281 856
83 983
412 942
365 767
188 652
177 385
73 306
272 995
66 676
202 581
175 688
205 994
249 508
212 975
10 479
174 706
182 862
27 699
249 674
113 787
420 846
22 507
82 503
230 673
268 941
185 514
44 142
76 200
97 687
102 344
6 564
89 874
112 458
373 967
17 728
189 714
350 937
48 146
107 379
369 978
197 417
112 591
125 449
69 438
278 900
33 783
384 816
349 817
85 301
39 147
67 713
183 451
254 540
263 740
273 642
252 554
7 864
114 676
83 307
65 436
173 791
215 656
261 920
208 940
312 850
225 937
406 888
33 109
311 654
124 998
231 749
121 400
178 508
219 764
189 848
283 577
378 876
90 497
32 138
190 623
66 552
213 962
304 919
127 331
35 627
194 785
195 459
44 739
51 993
136 804
191 783
191 979
103 559
247 835
173 665
99 533
79 638
46 195
70 394
171 681
220 701
36 413
164 740
45 306
185 879
250 884
334 838
85 777
287 944
381 815
153 430
111 839
342 885
246 774
188 668
138 776
43 987
333 676
37 483
150 683
176 502
363 903
130 741
85 830
34 229
84 674
351 910
341 741
82 903
152 663
236 670
64 882
136 966
280 587
274 848
320 684
305 852
214 508
49 508
78 183
38 491
253 891
288 891
211 645
166 517
22 464
105 482
63 733
386 989
70 197
87 986
328 719
434 946
157 390
272 618
351 862
207 538
20 604
402 856
83 717
329 928
316 726
27 902
325 862
131 861
362 910
118 587
317 852
144 926
113 657
79 881
250 839
150 381
379 999
168 634
53 644
172 991
25 735
109 589
34 980
304 749
84 255
109 873
275 968
228 528
2 362
12 259
93 193
25 95
215 725
76 573
161 838
114 601
260 905
389 935
113 746
295 972
14 854
85 603
134 954
185 744
91 893
158 873
129 917
287 881
18 879
319 894
74 242
325 803
218 790
20 226
54 906
64 609
41 530
275 959
298 935
60 902
62 386
54 313
259 627
110 453
234 763
25 553
84 428
194 898
180 558
188 870
181 690
209 919
76 938
101 728
9 993
354 865
56 413
449 938
71 456
294 923
40 757
180 539
361 880
378 807
80 977
280 902
257 673
211 947
341 810
163 741
184 565
89 951
220 832
228 653
130 360
46 104
80 570
159 908
47 889
340 791
8 846
449 992
2 194
330 701
94 975
211 494
19 282
282 670
416 860
151 766
159 474
102 702
127 601
245 711
123 776
196 669
124 475
2 505
14 957
103 682
112 907
106 380
106 950
78 923
45 591
117 1000
85 715
248 507
201 676
237 500
318 989
98 941
10 828
40 647
14 770
120 496
86 488
440 962
302 682
346 818
103 970
140 789
169 624
99 757
213 711
273 743
29 134
269 789
366 831
275 885
145 976
172 450
190 524
224 652
74 338
6 918
276 861
386 792
249 648
16 711
131 950
344 736
133 936
69 209
393 943
82 666
88 395
312 970
54 205
112 440
335 839
101 704
59 964
232 722
79 212
61 977
21 598
215 448
110 603
55 153
258 693
22 187
236 984
95 313
56 886
290 683
35 250
65 602
47 287
4 89
316 636
308 801
129 768
47 699
257 757
185 783
32 717
303 863
90 588
55 613
68 382
202 586
43 574
182 701
449 968
249 752
124 664
321 662
245 840
156 682
33 243
8 819
95 403
162 856
201 862
322 924
184 521
311 843
325 703
84 368
29 916
229 719
114 583
127 698
317 986
440 967
289 858
383 775
