20
2
0 3 0 2 10 2 3 -2
10 3 2 3 8 7 2 0
3
2 1 0 5 10 2 4 0
0 3 0 2 7 1 1 2
3 3 0 5 1 1 2 0
2
3 2 0 2 9 2 3 0
6 1 1 4 6 3 -1 -2
6
3414 2 -25 61 326 54788 -7 61
181452 8 -10 3 6717 12710 2 -498
223505 8 -62 77 280 13242 5 595
101271 3 -16 37 8692 213187 -4 -883
265384 8 -81 89 3249 13934 -5 -37
197549 4 -3 78 2761 22851 -10 560
1
35541 10 -28 -20 1000000 3300 9 100000
2
15280 1 -88 -87 90209 128497 0 41046
120961 10 78 86 1000000 46542 9 100000
10
274599 10 -14 68 679617 4538 0 346
38272 10 -11 11 426911 20965 9 99194
1643 10 -6 77 640456 437 -7 25566
152854 10 -91 -58 678477 4432 -6 -46802
24236 10 -93 9 696068 62443 2 -60583
39316 10 -43 92 160354 2570 -3 48438
117288 10 -23 -21 835800 33655 2 -45387
176838 10 -96 -12 455675 12876 2 46767
141758 10 -99 -53 20324 15202 -8 55922
77970 10 -51 18 917950 3902 7 13429
10
146128 10 -98 61 741050 38156 8 -61324
146128 10 -37 100 834084 38156 6 -79979
146128 10 -33 43 847432 38156 6 -90753
146128 10 -79 40 339232 38156 -2 -9719
146128 10 -15 77 524626 38156 6 99729
146128 10 91 94 748005 38156 -5 -76195
146128 10 -88 44 928156 38156 10 81
146128 10 3 93 14094 38156 -5 76864
146128 10 14 70 224521 38156 6 -2150
146128 10 12 15 891236 38156 7 -95959
10
39729 10 -20 48 966285 37538 3 -81892
39729 10 -38 38 664456 37538 -4 52557
39729 10 8 24 745211 37538 -6 -34010
39729 10 -61 89 779936 37538 -8 65009
39729 10 -97 -68 514813 37538 1 -29302
39729 10 19 35 467145 37538 8 -27480
39729 10 -63 45 710980 37538 0 42235
39729 10 -3 75 672676 37538 7 35245
39729 10 -10 6 584455 37538 -4 -60116
39729 10 -55 30 786991 37538 7 -64891
10
48402 10 73 80 586522 5580 -5 -43975
3028 10 -94 -11 837958 19956 3 -11199
25123 10 11 23 780991 3881 -8 28603
592 10 -88 85 297080 27040 -5 61155
2920 10 -61 22 280705 49465 9 91538
240213 10 -14 99 465513 10922 -4 49836
208847 10 -64 15 770953 1892 4 -77912
35356 10 -81 -9 434175 26789 1 43814
52461 10 -58 67 510831 22495 -1 -35112
47092 10 -6 48 672789 13089 8 36404
10
3361 10 -58 44 72650 4000 -4 71492
3361 10 -58 44 509505 4000 -2 -52070
3361 10 -58 44 646372 4000 -2 27631
3361 10 -58 44 2590 4000 2 98318
3361 10 -58 44 810344 4000 -4 -72753
3361 10 -58 44 426395 4000 1 42789
3361 10 -58 44 504658 4000 -4 46551
3361 10 -58 44 599977 4000 -4 -28282
3361 10 -58 44 585403 4000 -4 60619
3361 10 -58 44 912446 4000 2 64800
9
78434 10 56 65 8619 25251 -1 -368
61074 9 75 90 8305 23798 -9 -988
37250 9 0 26 6186 2755 -1 -528
2567 2 -9 73 6555 32320 -4 72
41618 4 36 41 7775 78798 0 -298
283063 1 -52 74 3143 1628 6 674
20305 6 -12 47 4606 29303 -9 -183
268705 3 22 83 6723 16133 7 -699
43526 4 -91 21 1819 17117 2 -346
5
538362 7 -40 -38 6213 6229 10 608
38689 7 -5 53 8484 74002 2 566
96623 6 21 44 5857 96209 6 -912
326278 8 -48 32 5663 1463 -10 -250
67825 2 -8 59 6960 393043 10 -912
5
9474 6 -1 91 4629 638 -4 -117
51767 4 40 78 5788 42282 -8 -587
26827 6 57 70 7423 68449 -1 -623
59498 7 -55 -33 7242 19785 6 665
142518 7 -46 -39 9964 8893 -7 524
10
116111 2 -34 36 55 11599 -9 445
167356 8 28 65 1507 34401 -1 273
3712 9 36 49 9272 1145 6 793
29751 1 -1 54 7575 6397 -2 983
79763 7 10 30 7104 20906 6 897
16509 4 -95 -16 4390 38034 -1 920
3879 8 76 100 6065 61564 2 -467
577241 4 81 91 4698 16589 1 272
221562 3 -56 -39 3465 109036 -8 348
6627 9 -66 33 7751 21127 -2 -468
6
75284 8 -76 68 5176 33486 -8 -499
176056 3 -43 34 3536 131123 -6 -246
448993 8 -97 -84 7546 16536 -4 148
48242 4 16 34 5210 91107 -5 58
29946 4 -74 92 4338 127882 2 -492
41193 5 -49 21 8120 39197 2 521
5
123212 3 -81 56 8262 40138 -6 -700
7043 4 31 86 3277 25241 -3 -119
31879 7 22 44 9010 75730 7 -788
29489 8 -10 93 8214 44634 3 73
237 2 -40 55 2692 6599 -10 -867
4
151081 2 -57 60 5723 136107 6 719
488673 5 -59 -5 5042 10260 -8 -630
994 2 -42 -2 9419 161212 1 275
16932 6 -74 -65 6939 8484 1 -929
9
336427 1 6 48 9140 3898 4 -917
399472 10 15 66 4513 14819 -10 -364
6460 4 16 56 9584 15069 -6 -935
356165 2 -88 4 8003 37028 6 -907
3065 1 24 58 5147 6105 -7 127
30372 2 37 40 6014 366466 10 -109
89545 5 -86 -56 5829 86812 1 -409
5676 4 -70 -8 3891 79914 4 848
208034 7 7 48 7515 32876 1 473
9
14579 6 -22 91 8534 5200 -6 525
168535 9 -81 53 5809 51092 -1 -67
52554 8 -8 2 3348 7512 9 783
113946 6 40 78 8768 45869 9 870
5407 1 -84 -7 2828 6692 4 96
171828 3 -21 18 5294 105609 -4 204
59321 8 -80 -40 9370 448 0 -914
107347 8 -98 42 6491 8836 4 290
500328 5 -29 -10 5814 38172 -9 -234
