75
1 1 1 0
1 2 0 0
2 1 1 2
2 2 0 2
10 341 342 341
4 7 2 7
3 2 2 4
10 5 1016 3
3 1 6 1
1 0 1 1
11 1232 127 689
8 62 192 2
4 5 2 9
11 580 400 1068
11 683 683 682
2 0 4 0
12 0 4096 0
9 171 171 170
5 5 26 1
8 85 85 86
4 6 5 5
11 118 740 1190
10 341 341 342
12 1366 1365 1365
7 42 43 43
1 0 2 0
12 879 2376 841
8 85 86 85
7 43 43 42
11 682 683 683
4 7 0 9
3 3 3 2
4 2 7 7
3 2 4 2
2 0 0 4
2 1 3 0
9 493 9 10
9 136 315 61
7 43 42 43
1 0 0 2
6 15 44 5
6 21 22 21
9 170 171 171
10 596 427 1
9 171 170 171
8 86 85 85
2 1 2 1
12 1364 1368 1364
2 2 1 1
3 3 2 3
11 683 682 683
4 5 6 5
12 1366 1366 1364
10 29 586 409
5 26 4 2
4 6 6 4
3 2 3 3
5 11 11 10
7 28 90 10
5 10 11 11
12 1365 1366 1365
7 66 17 45
3 2 0 6
9 111 303 98
6 21 21 22
3 8 0 0
4 5 5 6
4 4 4 8
10 342 341 341
5 11 10 11
6 22 21 21
12 1365 1365 1366
8 72 16 168
1 1 0 1
3 4 2 2
