1000
21 197
181 731
178 719
150 607
77 478
150 606
181 730
219 882
77 477
30 891
282 565
135 271
115 231
219 439
137 275
1 1000
479 959
479 972
47 872
47 871
47 873
47 942
443 887
443 929
138 843
138 842
138 844
138 861
73 612
73 611
73 613
73 747
271 543
271 954
138 558
138 557
138 559
138 648
59 774
59 773
59 775
59 797
24 852
24 851
24 853
24 873
194 389
194 464
31 913
31 912
31 914
31 985
287 575
287 903
157 315
157 459
2 702
2 701
2 703
2 709
213 427
213 693
262 525
262 799
250 501
250 686
446 893
68 423
68 422
68 424
68 434
372 745
372 792
116 233
116 388
305 611
305 998
185 371
185 564
115 705
115 704
115 706
115 900
225 906
225 905
225 907
225 978
130 795
130 794
130 796
130 904
95 788
95 787
95 789
95 969
96 796
96 795
96 797
96 982
178 357
178 521
223 447
223 641
262 525
262 704
101 410
101 409
101 411
101 522
57 484
57 483
57 485
57 492
172 694
172 693
172 695
172 938
11 473
11 472
11 474
11 523
74 302
74 301
74 303
74 306
355 711
355 797
46 618
46 617
46 619
46 713
350 701
350 873
22 330
22 329
22 331
22 364
329 659
329 694
180 726
180 725
180 727
180 783
159 642
159 641
159 643
159 752
80 846
38 837
38 836
38 838
38 847
18 408
18 407
18 409
18 421
5 656
5 655
5 657
5 673
211 423
211 505
255 511
255 811
25 366
25 365
25 367
25 385
212 425
169 339
169 625
339 679
339 767
50 666
50 665
50 667
50 767
83 692
83 691
83 693
83 823
212 425
212 804
55 468
55 467
55 469
55 520
331 663
331 710
77 644
77 643
77 645
77 807
175 351
175 622
75 465
75 464
75 466
75 591
11 410
11 409
11 411
11 472
297 595
297 836
26 621
26 620
26 622
26 642
26 536
26 535
26 537
26 608
243 487
243 866
242 485
242 607
100 615
100 614
100 616
100 700
26 803
26 802
26 804
26 827
243 487
243 609
49 904
49 903
49 905
49 976
17 215
17 214
17 216
17 239
136 273
136 518
225 451
225 877
240 481
240 864
4 697
4 696
4 698
4 759
130 526
130 525
130 527
130 627
29 260
29 259
29 261
29 287
254 509
254 613
14 405
14 404
14 406
14 413
49 535
49 534
49 536
49 575
32 450
32 449
32 451
32 509
93 975
93 974
93 976
93 990
216 870
216 869
216 871
216 876
307 615
307 913
188 377
188 638
271 543
271 628
299 599
299 708
5 518
5 517
5 519
5 555
155 311
155 431
134 819
134 818
134 820
134 840
94 780
94 779
94 781
94 852
117 717
117 716
117 718
117 763
330 661
330 849
286 573
286 733
37 609
37 608
37 610
37 690
41 455
41 454
41 456
41 506
256 513
256 968
148 598
148 597
148 599
148 730
357 715
357 783
94 579
94 578
94 580
94 698
414 829
414 897
269 539
269 743
310 739
238 858
202 661
255 754
289 659
281 903
15 300
15 302
15 354
342 855
462 937
45 605
45 607
45 611
132 533
132 535
132 631
63 392
63 394
63 402
236 550
174 427
167 516
84 285
365 805
165 338
289 641
196 440
56 604
56 606
56 696
240 648
46 855
46 857
46 881
15 147
15 149
15 166
267 975
130 794
130 796
130 986
72 202
38 727
38 729
38 796
13 449
13 451
13 473
364 894
279 721
231 689
322 657
2 944
2 946
2 975
136 334
360 761
32 449
32 451
32 472
238 816
148 902
148 904
148 929
319 914
140 471
481 982
358 736
197 409
290 728
389 790
62 809
62 811
62 886
304 869
137 553
137 555
137 568
348 764
4 183
4 185
4 223
82 333
82 335
82 435
98 602
98 604
98 683
25 294
25 296
25 349
287 978
147 390
43 177
43 179
43 202
40 347
40 349
40 367
264 665
129 788
129 790
129 828
394 808
53 701
53 703
53 750
299 832
31 912
31 914
31 983
1 740
1 742
1 760
37 153
37 155
37 229
36 230
36 232
36 305
159 641
159 643
159 755
286 909
147 427
25 365
25 367
25 430
61 249
61 251
61 253
82 683
82 685
82 762
306 762
127 411
54 459
54 461
54 530
129 788
129 790
129 973
332 852
310 675
11 685
11 687
11 749
166 669
166 671
166 891
55 467
55 469
55 498
50 919
50 921
50 951
356 782
98 602
98 604
98 630
151 552
218 547
282 811
177 616
231 627
79 274
406 893
272 763
103 632
103 634
103 698
429 988
46 290
46 292
46 370
135 545
135 547
135 661
245 769
231 618
40 254
40 256
40 288
8 202
8 204
8 219
226 843
17 766
17 768
17 818
125 505
125 507
125 512
279 896
26 439
7 94
208 869
46 398
65 633
310 843
198 495
14 247
255 678
118 539
264 904
210 939
406 870
102 776
135 524
481 994
39 283
42 609
116 779
134 848
241 537
307 721
157 650
60 472
152 470
137 712
151 845
68 690
130 523
87 825
232 692
149 346
160 967
215 513
25 307
289 580
130 984
66 483
89 650
231 558
24 685
254 707
214 952
406 863
54 972
445 958
42 848
175 747
45 823
107 692
274 946
294 856
359 885
152 881
448 957
190 884
113 837
293 637
85 278
154 445
226 532
215 715
315 726
227 826
34 121
190 991
35 299
142 948
16 548
90 183
146 921
195 847
177 358
119 773
122 945
147 807
82 731
328 997
83 589
350 884
248 796
58 850
58 767
184 798
161 846
100 842
203 483
286 800
336 793
199 731
259 917
208 496
19 485
8 361
208 971
83 238
18 961
42 870
82 885
308 939
229 764
281 628
249 715
58 846
76 301
37 923
62 872
53 987
201 406
277 682
44 834
97 889
110 336
305 933
40 678
391 983
194 654
239 590
199 494
301 899
52 980
352 750
46 265
215 760
75 931
370 971
208 918
211 728
313 695
122 646
111 605
201 818
332 758
190 639
133 356
348 714
70 989
24 609
203 449
16 647
9 535
69 964
16 928
448 990
74 418
201 888
78 251
214 757
166 930
64 841
265 904
431 926
254 992
160 473
324 913
139 909
466 951
346 921
9 134
153 333
203 782
441 887
125 829
280 662
141 338
82 911
255 793
102 369
195 884
55 118
177 663
66 439
375 861
346 771
233 486
16 422
128 760
336 795
80 398
268 653
1 299
16 485
9 201
153 389
294 965
212 808
49 616
249 547
231 687
14 379
83 774
278 557
194 614
39 195
199 982
25 258
287 689
20 318
222 572
134 376
57 174
98 952
115 701
119 638
86 442
321 803
3 726
243 498
367 739
127 495
44 965
10 515
233 647
115 725
181 494
195 976
92 692
131 687
54 190
33 564
156 739
14 212
128 398
10 237
31 164
42 94
185 660
139 777
46 297
195 945
61 535
111 460
160 921
218 785
56 935
93 192
234 932
9 644
132 660
155 376
204 790
62 951
114 393
17 948
24 882
25 972
117 694
180 605
471 952
3 74
300 845
46 904
361 776
76 905
141 565
83 405
259 970
1 285
73 184
252 830
105 316
85 989
98 415
193 900
309 840
125 944
41 269
158 485
107 305
27 300
97 219
51 818
79 678
109 793
187 956
340 986
20 538
144 938
50 203
49 240
127 800
21 684
327 752
199 493
312 881
6 137
162 716
316 808
54 990
65 759
232 998
228 923
93 860
66 717
30 295
170 615
213 697
210 925
92 605
46 449
41 491
6 728
272 965
370 762
4 656
373 934
145 457
444 931
339 894
97 608
167 839
37 155
12 32
426 919
101 919
32 525
197 931
205 620
307 993
303 992
398 819
130 316
233 633
316 713
87 305
406 856
53 401
345 789
98 923
111 749
236 524
132 440
305 995
215 457
447 974
110 274
210 564
208 765
96 940
93 958
120 617
298 707
2 492
213 816
54 583
147 599
38 923
191 690
25 880
88 548
399 845
68 455
84 933
231 714
90 492
92 738
335 894
78 421
337 776
36 580
67 221
68 706
252 916
185 730
85 596
134 624
129 318
112 812
162 951
110 540
214 708
24 958
102 374
318 940
155 475
409 982
186 798
26 276
125 877
15 487
51 730
117 681
116 807
138 547
14 720
142 992
377 935
131 519
128 811
65 598
214 737
448 917
33 677
35 830
40 620
12 254
46 903
19 234
123 537
184 883
161 717
200 689
274 858
93 983
26 674
403 894
326 885
417 950
292 719
262 846
251 738
236 594
365 767
156 500
153 665
119 288
121 853
190 451
443 897
255 626
157 733
90 928
43 280
119 839
244 683
297 990
112 749
416 905
362 839
80 387
151 757
40 757
335 888
183 567
251 772
317 847
221 754
57 250
6 499
3 751
66 235
84 957
187 623
143 351
89 294
229 909
192 918
124 480
113 650
326 657
138 278
410 846
181 917
209 601
314 685
422 996
163 541
108 742
7 373
109 332
59 340
4 853
40 904
199 715
264 934
291 641
104 550
97 528
250 883
138 550
161 735
179 946
132 328
144 379
191 830
10 463
