100
2 2
0.50 0.50
4 2
0.00 0.00 1.00 1.00
3 2
0.50 0.75 1.00
8 4
1.00 1.00 1.00 0.00 1.00 1.00 1.00 1.00
3 2
0.01 0.02 0.04
12 12
0.36 0.84 0.45 0.75 0.31 0.38 0.46 0.72 0.69 0.71 0.21 0.22
8 6
1.00 1.00 1.00 1.00 1.00 1.00 1.00 0.00
16 10
0.68 0.05 0.07 0.00 0.05 0.01 0.65 0.69 0.09 0.63 0.01 0.00 0.08 0.06 0.04 0.00
8 6
1.00 1.00 0.00 1.00 1.00 0.00 1.00 1.00
16 14
0.67 0.65 0.69 0.70 0.09 0.02 0.69 0.05 0.67 0.66 0.05 0.68 0.70 0.65 0.61 0.69
4 2
1.00 1.00 0.00 0.98
16 10
0.44 0.42 0.49 0.45 0.32 0.66 0.70 0.57 0.37 0.31 0.66 0.60 0.30 0.34 0.57 0.61
8 4
0.00 0.00 1.00 1.00 0.00 1.00 1.00 0.00
16 8
0.09 0.08 0.03 0.09 0.01 0.64 0.10 0.00 0.05 0.01 0.67 0.01 0.10 0.62 0.06 0.64
16 8
0.39 1.00 1.00 0.48 0.98 1.00 0.29 0.27 0.34 0.41 1.00 0.99 0.46 0.98 0.37 0.98
2 2
0.00 0.50
4 4
0.50 0.50 0.50 0.50
4 2
0.00 0.00 0.00 0.00
16 6
0.64 0.08 0.66 0.09 0.62 0.68 0.65 0.09 0.66 0.65 0.61 0.63 0.62 0.60 0.02 0.67
16 2
0.99 1.00 0.99 0.99 0.98 0.99 0.99 0.98 0.99 1.00 0.99 0.98 0.98 0.99 0.99 0.99
16 10
0.10 0.66 0.61 0.64 0.68 0.68 0.68 0.66 0.63 0.00 0.04 0.68 0.63 0.03 0.60 0.68
16 14
0.08 0.73 0.82 0.47 0.69 0.83 0.69 0.09 0.41 0.69 0.22 0.45 0.21 0.02 0.31 0.74
16 2
0.65 0.63 0.09 0.67 0.63 0.69 0.08 0.68 0.66 0.09 0.64 0.03 0.70 0.66 0.62 0.69
16 14
0.56 0.61 0.35 0.46 0.63 0.35 0.58 0.34 0.70 0.33 0.44 0.61 0.67 0.38 0.30 0.60
8 6
1.00 1.00 1.00 1.00 1.00 1.00 1.00 1.00
16 14
0.98 0.99 0.99 0.98 0.98 0.99 0.99 0.98 0.99 1.00 1.00 0.99 0.98 0.99 0.99 0.98
16 10
0.99 0.99 0.99 1.00 0.99 0.98 0.98 0.98 0.98 1.00 1.00 1.00 1.00 1.00 0.99 0.99
16 6
0.69 0.68 0.51 0.66 0.39 0.65 0.54 0.35 0.52 0.36 0.42 0.41 0.30 0.57 0.67 0.55
4 2
0.02 0.00 0.00 1.00
8 2
1.00 1.00 1.00 1.00 1.00 1.00 0.00 1.00
16 8
0.36 0.00 0.02 0.22 0.40 0.41 0.44 0.44 0.01 0.02 0.00 0.01 0.00 0.35 0.05 0.01
16 10
0.51 0.51 0.50 0.50 0.50 0.49 0.49 0.49 0.50 0.51 0.51 0.51 0.51 0.51 0.50 0.50
16 8
0.60 0.68 0.75 0.55 0.55 0.77 0.40 0.70 0.77 0.63 0.68 0.77 0.57 0.39 0.48 0.56
16 6
0.08 0.02 0.10 0.06 0.68 0.60 0.03 0.60 0.00 0.04 0.08 0.08 0.04 0.00 0.01 0.70
16 8
0.71 0.83 0.50 0.99 0.89 0.51 0.00 0.00 0.01 0.00 0.00 0.01 0.01 0.00 0.77 0.76
3 2
0.10 0.80 0.50
16 10
0.76 0.62 0.62 0.39 0.48 0.54 0.60 0.41 0.54 0.52 0.72 0.59 0.37 0.48 0.78 0.66
16 2
0.01 0.01 0.00 0.02 0.02 0.01 0.01 0.02 0.02 0.02 0.02 0.00 0.02 0.01 0.00 0.00
16 4
0.04 0.63 0.04 0.03 0.00 0.05 0.04 0.08 0.69 0.02 0.64 0.02 0.01 0.05 0.10 0.64
4 2
0.01 0.01 0.99 0.98
16 8
0.93 0.04 0.61 0.10 0.64 0.06 0.10 0.79 0.11 0.60 0.01 0.01 0.58 0.75 0.10 0.02
16 10
0.63 0.39 0.98 0.36 0.83 0.44 0.03 0.68 0.24 0.97 0.82 0.76 0.37 0.10 0.17 0.40
8 6
1.00 1.00 0.00 0.00 1.00 0.00 1.00 1.00
16 10
0.01 0.01 0.01 0.00 0.00 0.00 0.00 0.00 0.02 0.01 0.00 0.01 0.02 0.00 0.01 0.00
16 2
0.08 0.05 0.64 0.04 0.09 0.08 0.69 0.09 0.04 0.05 0.07 0.06 0.07 0.07 0.66 0.69
12 8
0.50 0.48 0.86 0.59 0.25 0.99 0.70 0.68 0.20 0.39 0.55 0.37
4 4
0.00 1.00 0.00 1.00
16 6
0.21 0.28 0.48 0.56 0.22 0.14 0.21 0.37 0.25 0.28 0.31 0.22 0.38 0.55 0.52 0.19
16 6
0.98 0.99 0.98 0.98 0.98 0.98 0.98 0.98 0.99 1.00 0.98 0.99 0.99 1.00 0.98 1.00
16 10
0.61 0.39 0.46 0.60 0.47 0.37 0.59 0.44 0.43 0.42 0.51 0.53 0.44 0.47 0.48 0.42
16 6
0.30 0.77 0.91 0.52 0.29 0.43 0.48 0.79 0.66 0.72 0.08 0.50 0.89 0.45 0.26 0.92
16 8
0.73 0.14 0.07 0.08 0.38 0.06 0.06 0.08 0.00 0.04 0.52 0.60 0.40 0.66 0.04 0.09
16 14
0.07 0.00 0.01 0.07 0.09 0.67 0.09 0.06 0.67 0.07 0.08 0.03 0.66 0.06 0.64 0.02
16 8
0.47 0.54 0.73 0.77 0.73 0.49 0.74 0.52 0.60 0.86 0.83 0.46 0.60 0.44 0.58 0.69
16 14
0.51 0.50 0.49 0.49 0.51 0.50 0.50 0.50 0.51 0.49 0.51 0.50 0.51 0.51 0.50 0.49
16 14
0.01 0.00 0.01 0.02 0.01 0.02 0.02 0.02 0.00 0.02 0.01 0.02 0.01 0.01 0.01 0.02
16 8
0.91 0.04 0.00 0.04 0.07 0.92 1.00 0.98 0.93 0.98 0.10 0.05 0.08 0.95 0.08 0.94
8 4
0.00 1.00 0.00 1.00 1.00 1.00 1.00 0.00
16 8
0.99 0.84 0.99 0.61 0.80 0.86 0.98 0.90 0.99 0.99 1.00 0.86 0.68 0.99 0.98 0.98
8 4
0.00 1.00 1.00 1.00 0.00 1.00 1.00 1.00
16 2
0.40 0.50 0.64 0.70 0.42 0.45 0.52 0.43 0.63 0.30 0.64 0.48 0.53 0.55 0.33 0.32
16 8
0.98 0.98 0.88 0.71 0.99 0.99 0.99 0.69 0.92 0.82 0.60 0.90 1.00 0.98 0.52 0.99
16 8
0.02 0.02 0.60 0.91 0.90 0.00 0.01 0.56 0.70 0.02 0.64 0.70 0.00 0.00 0.70 0.00
16 8
0.00 0.69 0.65 0.64 0.07 0.60 0.66 0.61 0.00 0.67 0.70 0.60 0.68 0.67 0.66 0.06
2 2
0.00 1.00
4 2
0.00 1.00 1.00 1.00
2 2
1.00 1.00
3 2
0.60 0.50 0.40
8 2
0.00 1.00 0.00 1.00 1.00 1.00 0.00 1.00
16 8
0.91 0.95 0.01 0.95 0.95 0.00 0.09 0.00 0.06 0.05 0.03 0.91 0.97 0.06 0.90 0.96
4 4
0.98 0.01 0.01 0.99
8 4
1.00 1.00 1.00 1.00 1.00 1.00 1.00 1.00
16 2
0.48 0.35 0.05 0.65 0.11 0.16 0.83 0.55 0.59 0.04 0.63 0.78 0.53 0.48 0.63 0.54
3 2
0.80 0.50 0.30
16 8
0.48 0.39 0.63 0.75 0.68 0.57 0.55 0.70 0.77 0.56 0.68 0.54 0.40 0.60 0.77 0.77
8 2
1.00 1.00 1.00 1.00 1.00 1.00 0.00 0.00
2 2
0.00 0.00
16 2
0.51 0.51 0.51 0.51 0.50 0.49 0.49 0.49 0.51 0.51 0.49 0.51 0.51 0.49 0.51 0.51
16 8
0.86 0.73 0.83 0.47 0.74 0.60 0.49 0.52 0.77 0.46 0.59 0.44 0.69 0.60 0.73 0.54
16 10
0.58 0.44 0.47 0.53 0.60 0.37 0.44 0.47 0.39 0.42 0.42 0.48 0.46 0.51 0.43 0.61
16 8
0.41 0.73 0.10 0.00 0.40 0.03 0.44 0.99 0.10 0.02 0.10 0.01 0.77 0.07 0.07 0.94
16 6
0.28 0.19 0.31 0.56 0.22 0.14 0.22 0.28 0.37 0.21 0.38 0.56 0.21 0.48 0.52 0.25
16 12
0.05 0.06 0.68 0.60 0.05 0.05 0.09 0.07 0.03 0.62 0.63 0.10 0.03 0.00 0.10 0.01
3 2
0.50 0.50 0.50
16 8
0.06 1.00 0.98 0.29 0.50 0.46 0.50 1.00 1.00 0.10 0.29 1.00 0.07 0.98 1.00 1.00
16 12
0.61 0.64 0.62 0.66 0.68 0.67 0.64 0.70 0.02 0.61 0.08 0.10 0.00 0.65 0.67 0.70
3 2
1.00 0.00 0.00
4 2
0.02 0.00 0.00 0.00
2 2
0.45 0.05
16 8
0.93 0.99 0.01 0.92 0.09 0.95 0.97 0.91 0.01 0.06 0.02 0.90 0.00 0.07 0.93 0.00
12 10
0.16 0.04 0.98 0.74 0.17 0.13 0.43 0.82 0.54 0.84 0.85 0.59
16 8
0.19 0.02 0.02 0.00 0.01 0.02 0.47 0.27 0.02 0.02 0.24 0.07 0.18 0.09 0.00 0.01
16 6
0.01 0.01 0.02 0.02 0.02 0.01 0.00 0.01 0.01 0.02 0.02 0.00 0.02 0.01 0.01 0.02
8 2
1.00 1.00 1.00 1.00 1.00 1.00 1.00 1.00
16 4
0.68 0.60 0.69 0.02 0.05 0.63 0.61 0.69 0.03 0.03 0.66 0.61 0.65 0.70 0.67 0.67
16 6
0.51 0.49 0.49 0.50 0.50 0.51 0.50 0.50 0.49 0.49 0.50 0.51 0.51 0.50 0.49 0.49
8 2
0.00 0.00 1.00 1.00 0.00 1.00 1.00 0.00
8 6
0.00 1.00 0.00 1.00 1.00 0.00 0.00 1.00
4 2
1.00 0.00 0.00 0.00
16 10
0.62 0.60 0.76 0.62 0.37 0.54 0.53 0.59 0.72 0.52 0.48 0.41 0.66 0.48 0.78 0.39
