100
2 2
0.50 0.50
4 2
0.00 0.00 1.00 1.00
3 2
0.50 0.75 1.00
16 8
0.48 0.11 0.25 0.40 1.00 0.99 0.99 0.19 0.99 0.99 0.07 1.00 1.00 0.99 0.34 0.48
8 4
1.00 1.00 1.00 1.00 1.00 1.00 1.00 1.00
8 2
1.00 1.00 1.00 1.00 1.00 0.00 1.00 1.00
16 10
0.66 0.04 0.00 0.65 0.66 0.62 0.05 0.65 0.69 0.69 0.67 0.61 0.62 0.63 0.07 0.68
4 4
1.00 0.00 1.00 0.00
16 6
0.52 0.43 0.50 0.55 0.49 0.52 0.58 0.67 0.52 0.49 0.43 0.48 0.69 0.67 0.65 0.39
4 2
0.01 0.98 0.01 0.99
4 2
0.00 0.02 0.00 0.00
16 10
0.50 0.49 0.49 0.51 0.49 0.51 0.49 0.49 0.49 0.50 0.50 0.49 0.50 0.50 0.51 0.49
8 2
1.00 1.00 1.00 1.00 1.00 0.00 1.00 0.00
16 8
0.50 0.46 0.58 0.56 0.47 0.48 0.58 0.50 0.59 0.52 0.57 0.58 0.56 0.58 0.45 0.47
16 14
0.63 0.70 0.64 0.10 0.65 0.10 0.01 0.63 0.65 0.63 0.60 0.09 0.64 0.65 0.70 0.60
16 8
0.46 0.48 0.53 0.47 0.61 0.62 0.51 0.53 0.56 0.50 0.62 0.46 0.55 0.55 0.52 0.52
16 4
0.64 0.65 0.61 0.63 0.63 0.01 0.08 0.66 0.70 0.63 0.63 0.68 0.65 0.00 0.02 0.67
16 8
0.98 0.07 0.93 0.90 0.91 0.92 0.99 0.02 0.98 0.07 0.00 0.05 0.07 0.98 0.00 0.07
16 6
0.98 1.00 1.00 0.99 1.00 0.99 1.00 0.99 0.99 1.00 0.99 0.98 1.00 0.99 0.99 0.98
16 8
0.99 0.98 0.12 1.00 0.15 0.10 0.98 1.00 0.21 0.08 0.37 1.00 1.00 0.18 1.00 0.39
8 6
1.00 1.00 1.00 1.00 0.00 0.00 0.00 1.00
16 8
0.01 0.61 0.70 0.84 0.00 0.52 0.00 0.66 0.02 0.00 0.57 0.02 0.00 0.53 0.57 0.02
16 8
0.98 0.76 0.99 1.00 0.98 0.61 0.99 0.81 0.76 0.93 0.99 1.00 1.00 0.80 0.51 0.91
16 10
0.26 0.72 0.94 0.24 0.98 0.57 0.49 0.58 0.57 0.85 0.87 0.79 0.97 0.92 0.99 0.35
8 2
0.00 1.00 0.00 0.00 0.00 1.00 1.00 1.00
8 4
1.00 1.00 1.00 1.00 0.00 0.00 0.00 1.00
8 6
0.00 1.00 0.00 1.00 0.00 0.00 1.00 1.00
16 10
0.42 0.51 0.54 0.40 0.49 0.54 0.48 0.42 0.46 0.47 0.55 0.55 0.44 0.37 0.43 0.41
16 12
0.00 0.05 0.07 0.01 0.05 0.08 0.03 0.06 0.02 0.66 0.08 0.05 0.66 0.66 0.04 0.66
8 2
1.00 1.00 1.00 1.00 1.00 1.00 1.00 1.00
3 2
0.50 0.50 0.50
16 12
0.63 0.03 0.61 0.65 0.67 0.66 0.62 0.69 0.07 0.68 0.62 0.03 0.70 0.10 0.61 0.61
16 8
0.00 0.27 0.24 0.02 0.00 0.00 0.44 0.37 0.01 0.00 0.40 0.30 0.02 0.30 0.04 0.00
16 8
0.03 0.08 0.40 0.09 0.58 0.04 0.01 0.14 0.15 0.69 0.03 0.02 0.75 0.07 0.01 0.71
12 4
0.39 0.47 0.62 0.93 0.88 0.36 0.25 0.98 0.24 0.88 0.13 0.63
16 2
0.69 0.69 0.69 0.70 0.10 0.09 0.61 0.66 0.62 0.61 0.07 0.10 0.64 0.70 0.64 0.70
4 2
1.00 0.00 1.00 1.00
2 2
0.05 0.45
8 4
1.00 1.00 1.00 1.00 0.00 1.00 1.00 1.00
4 2
1.00 0.00 0.00 0.00
8 6
1.00 1.00 0.00 1.00 1.00 1.00 1.00 1.00
16 10
0.98 0.99 1.00 1.00 0.99 1.00 1.00 1.00 0.98 0.99 0.99 1.00 0.99 0.99 0.99 1.00
16 8
0.91 0.10 0.98 0.06 0.94 0.06 0.03 0.07 0.92 0.97 0.96 0.97 0.06 0.91 0.00 0.09
16 8
0.09 0.95 0.95 0.02 0.95 0.98 0.01 0.91 0.92 0.06 0.01 0.08 0.03 0.04 0.91 1.00
12 8
0.05 0.51 0.13 0.65 0.74 0.44 0.55 0.78 0.29 0.72 0.09 0.46
12 6
0.23 0.87 0.95 0.19 0.50 0.38 0.33 0.04 0.96 0.13 0.16 0.64
3 2
0.40 0.60 0.50
8 2
1.00 0.00 1.00 0.00 1.00 1.00 0.00 1.00
16 14
0.67 0.39 0.64 0.69 0.66 0.49 0.65 0.38 0.39 0.65 0.62 0.31 0.60 0.42 0.50 0.67
16 6
0.07 0.67 0.09 0.68 0.64 0.68 0.05 0.70 0.66 0.65 0.65 0.64 0.10 0.65 0.67 0.60
16 10
0.26 0.59 0.79 0.55 0.30 0.56 0.21 0.63 0.37 0.67 0.84 0.75 0.74 0.59 0.26 0.72
16 8
0.62 0.69 0.64 0.63 0.03 0.04 0.70 0.69 0.67 0.61 0.02 0.64 0.07 0.63 0.62 0.66
16 4
0.05 0.64 0.00 0.04 0.09 0.08 0.64 0.69 0.08 0.09 0.08 0.02 0.04 0.65 0.07 0.03
4 2
1.00 0.00 0.02 0.00
16 8
0.02 0.00 0.13 0.01 0.46 0.02 0.02 0.01 0.19 0.17 0.27 0.46 0.16 0.10 0.02 0.02
3 2
0.50 0.10 0.80
16 10
0.53 0.37 0.41 0.49 0.42 0.42 0.55 0.46 0.55 0.51 0.40 0.47 0.54 0.43 0.48 0.44
3 2
0.04 0.02 0.01
3 2
0.50 0.30 0.80
16 14
0.99 0.99 0.98 0.98 0.99 1.00 1.00 0.98 0.98 1.00 0.99 0.98 0.99 1.00 0.98 0.98
16 2
0.05 0.01 0.69 0.00 0.05 0.04 0.61 0.63 0.09 0.01 0.06 0.05 0.63 0.05 0.09 0.10
16 6
0.00 0.01 0.00 0.00 0.01 0.00 0.00 0.02 0.00 0.01 0.01 0.00 0.02 0.01 0.01 0.00
16 14
0.49 0.51 0.49 0.50 0.50 0.51 0.49 0.49 0.50 0.50 0.50 0.49 0.51 0.51 0.51 0.51
16 8
0.30 0.09 0.10 0.10 0.06 0.31 0.07 0.08 0.61 0.37 0.05 0.00 0.05 0.01 0.50 0.44
16 10
0.46 0.53 0.49 0.65 0.60 0.68 0.55 0.30 0.65 0.64 0.50 0.63 0.49 0.44 0.58 0.59
16 8
0.74 0.91 0.98 0.98 0.69 0.94 0.98 0.99 1.00 0.75 0.64 0.96 0.99 0.99 0.74 0.98
16 8
0.58 0.58 0.47 0.57 0.56 0.46 0.60 0.47 0.52 0.45 0.56 0.58 0.48 0.58 0.50 0.50
4 2
0.00 0.00 0.00 0.00
16 8
0.54 0.70 0.71 0.55 0.01 0.50 0.02 0.02 0.01 0.84 0.90 0.00 0.02 0.97 0.00 0.02
16 2
0.00 0.02 0.01 0.02 0.01 0.00 0.02 0.02 0.02 0.00 0.01 0.02 0.01 0.00 0.02 0.01
16 10
0.47 0.51 0.59 0.53 0.44 0.48 0.59 0.58 0.58 0.51 0.55 0.52 0.46 0.57 0.58 0.56
16 2
0.20 0.50 0.97 0.87 0.66 0.27 0.88 0.19 0.08 0.90 0.34 0.31 0.83 0.03 0.61 0.10
8 6
0.00 1.00 1.00 0.00 1.00 1.00 1.00 1.00
16 14
0.01 0.02 0.01 0.01 0.02 0.02 0.02 0.00 0.00 0.01 0.02 0.00 0.00 0.01 0.01 0.00
4 4
0.99 0.98 0.01 0.01
16 2
1.00 0.99 0.98 0.98 0.98 0.99 0.98 1.00 0.99 0.98 1.00 0.98 0.98 0.98 0.99 1.00
16 10
0.00 0.02 0.02 0.01 0.01 0.01 0.02 0.01 0.00 0.00 0.00 0.01 0.00 0.02 0.01 0.01
16 10
0.55 0.52 0.57 0.52 0.56 0.59 0.48 0.46 0.58 0.59 0.51 0.58 0.58 0.51 0.44 0.47
2 2
0.00 0.00
8 4
1.00 0.00 0.00 0.00 1.00 1.00 1.00 0.00
8 4
0.00 1.00 1.00 1.00 1.00 0.00 1.00 1.00
3 2
0.00 1.00 0.00
4 4
0.50 0.50 0.50 0.50
2 2
1.00 1.00
16 10
0.68 0.05 0.10 0.08 0.02 0.06 0.68 0.61 0.00 0.07 0.60 0.03 0.05 0.09 0.05 0.10
4 2
1.00 0.00 1.00 0.98
8 6
1.00 1.00 1.00 1.00 1.00 1.00 1.00 1.00
16 8
0.56 0.53 0.46 0.55 0.62 0.46 0.55 0.50 0.51 0.62 0.61 0.53 0.52 0.49 0.47 0.52
16 6
0.09 0.09 0.01 0.04 0.04 0.06 0.00 0.08 0.70 0.01 0.02 0.69 0.04 0.68 0.64 0.09
16 10
0.67 0.56 0.26 0.79 0.74 0.85 0.72 0.59 0.30 0.26 0.21 0.59 0.37 0.75 0.55 0.63
16 14
0.33 0.99 0.35 0.46 0.73 0.10 0.49 0.71 0.08 0.41 0.40 0.56 0.62 0.87 0.40 0.23
16 6
0.85 0.19 0.71 0.43 0.67 0.24 0.78 0.71 0.91 0.88 0.28 0.97 0.44 0.71 0.89 0.99
16 8
0.53 0.08 0.33 0.01 0.02 0.36 0.96 0.08 0.88 0.01 0.06 0.07 0.24 0.90 0.23 0.09
16 2
0.45 0.40 0.60 0.45 0.53 0.60 0.39 0.36 0.51 0.36 0.31 0.57 0.62 0.64 0.50 0.50
2 2
0.00 0.50
16 14
0.62 0.03 0.02 0.68 0.06 0.05 0.07 0.03 0.06 0.05 0.62 0.03 0.06 0.05 0.05 0.64
16 8
0.05 0.02 0.06 0.65 0.66 0.64 0.10 0.07 0.02 0.05 0.01 0.10 0.04 0.65 0.08 0.01
16 6
0.49 0.51 0.50 0.51 0.51 0.50 0.50 0.51 0.50 0.51 0.50 0.49 0.50 0.51 0.50 0.50
2 2
1.00 0.00
16 2
0.50 0.51 0.49 0.49 0.50 0.51 0.50 0.51 0.50 0.49 0.51 0.50 0.51 0.50 0.51 0.51
