100
2 2
0.50 0.50
4 2
0.00 0.00 1.00 1.00
3 2
0.50 0.75 1.00
3 2
0.60 0.50 0.40
16 6
0.26 0.32 0.38 0.15 0.22 0.45 0.17 0.50 0.46 0.50 0.54 0.33 0.50 0.18 0.22 0.43
8 4
0.00 1.00 1.00 1.00 1.00 1.00 1.00 1.00
16 6
0.09 0.02 0.01 0.05 0.10 0.06 0.66 0.06 0.00 0.64 0.08 0.06 0.04 0.10 0.70 0.61
16 8
0.01 0.02 0.84 0.02 0.97 0.00 0.87 0.02 0.61 0.69 0.01 0.00 0.79 0.70 0.00 0.63
16 10
0.02 0.00 0.02 0.01 0.01 0.00 0.01 0.00 0.00 0.01 0.00 0.00 0.00 0.00 0.00 0.01
4 2
0.01 0.99 0.98 0.01
8 4
1.00 1.00 1.00 1.00 1.00 1.00 1.00 1.00
16 10
0.33 0.58 0.87 0.35 0.84 0.08 0.31 0.59 0.40 0.75 0.47 0.71 0.29 0.96 0.63 0.11
16 6
0.56 0.57 0.52 0.47 0.49 0.63 0.67 0.54 0.57 0.67 0.52 0.58 0.56 0.50 0.51 0.66
4 4
0.01 0.98 0.01 0.99
12 6
0.48 0.49 0.28 0.74 0.28 0.41 0.24 0.19 0.79 0.90 0.95 0.87
16 2
0.02 0.02 0.00 0.01 0.01 0.01 0.00 0.01 0.00 0.00 0.01 0.02 0.02 0.00 0.00 0.00
16 8
0.70 0.63 0.64 0.10 0.61 0.63 0.05 0.67 0.09 0.61 0.65 0.65 0.63 0.62 0.64 0.04
16 10
0.51 0.49 0.51 0.50 0.51 0.51 0.50 0.51 0.50 0.51 0.49 0.50 0.51 0.50 0.51 0.51
8 4
1.00 0.00 1.00 0.00 1.00 1.00 0.00 1.00
12 4
0.87 0.70 0.39 0.52 0.29 0.92 0.56 0.54 0.21 0.29 0.99 0.75
8 2
1.00 1.00 0.00 0.00 1.00 1.00 1.00 1.00
16 8
0.03 0.08 0.07 0.96 0.09 0.96 0.07 0.05 0.99 0.98 0.98 0.08 0.99 0.90 0.97 0.03
16 14
0.49 0.49 0.49 0.49 0.49 0.51 0.51 0.50 0.51 0.50 0.49 0.49 0.49 0.50 0.50 0.51
16 2
0.65 0.64 0.07 0.65 0.63 0.63 0.05 0.61 0.63 0.09 0.70 0.69 0.01 0.60 0.70 0.65
16 8
0.05 0.43 0.47 0.14 0.07 0.52 0.41 0.08 0.10 0.90 0.03 0.09 0.00 0.59 0.04 0.38
8 2
1.00 1.00 1.00 1.00 1.00 1.00 1.00 1.00
16 14
0.12 0.61 0.31 0.44 0.33 0.83 0.51 0.42 0.34 0.83 0.45 0.90 0.94 0.93 0.23 0.32
8 2
1.00 0.00 1.00 1.00 1.00 0.00 0.00 1.00
16 10
0.02 0.60 0.64 0.05 0.60 0.67 0.07 0.64 0.60 0.63 0.69 0.63 0.03 0.69 0.69 0.63
16 10
0.34 0.31 0.65 0.43 0.54 0.39 0.55 0.59 0.55 0.69 0.43 0.51 0.54 0.60 0.48 0.44
16 8
0.00 0.00 0.32 0.01 0.00 0.02 0.01 0.09 0.05 0.01 0.01 0.16 0.15 0.49 0.19 0.35
16 6
0.50 0.49 0.51 0.51 0.51 0.49 0.50 0.51 0.49 0.49 0.49 0.50 0.49 0.51 0.50 0.51
8 4
1.00 0.00 0.00 1.00 0.00 0.00 1.00 1.00
3 2
0.80 0.50 0.30
3 2
0.01 0.02 0.04
8 6
1.00 1.00 1.00 1.00 1.00 1.00 1.00 0.00
16 8
0.09 0.02 0.03 0.91 0.93 0.04 0.54 0.10 0.20 0.79 0.92 0.05 0.72 0.08 0.48 0.04
3 2
0.50 0.50 0.50
16 8
0.96 0.05 0.07 0.95 0.91 0.09 0.98 0.09 0.99 0.99 0.08 0.96 0.96 0.02 0.01 0.02
8 2
1.00 1.00 1.00 1.00 1.00 1.00 1.00 0.00
16 2
0.99 0.99 0.99 0.98 0.98 0.98 0.99 1.00 0.99 1.00 0.99 0.99 0.99 0.98 1.00 0.98
16 12
0.10 0.60 0.00 0.03 0.09 0.65 0.07 0.60 0.00 0.00 0.01 0.01 0.10 0.07 0.62 0.09
16 6
0.51 0.50 0.53 0.51 0.53 0.51 0.49 0.49 0.53 0.52 0.50 0.53 0.49 0.53 0.53 0.52
8 6
1.00 1.00 1.00 0.00 1.00 0.00 1.00 1.00
16 10
0.57 0.67 0.42 0.40 0.46 0.62 0.44 0.44 0.69 0.40 0.63 0.59 0.75 0.75 0.46 0.73
16 6
0.50 0.26 0.54 0.43 0.18 0.33 0.50 0.17 0.15 0.32 0.22 0.22 0.45 0.49 0.46 0.38
16 10
0.44 0.38 0.63 0.55 0.57 0.25 0.27 0.22 0.47 0.38 0.24 0.22 0.41 0.37 0.66 0.55
16 2
0.10 0.01 0.04 0.69 0.07 0.00 0.10 0.65 0.01 0.08 0.66 0.03 0.01 0.06 0.08 0.62
4 2
0.00 1.00 1.00 1.00
16 8
0.16 0.02 0.00 0.03 0.25 0.07 0.10 0.97 0.10 0.57 0.30 0.44 0.09 0.35 0.41 0.01
16 14
0.63 0.06 0.10 0.01 0.03 0.03 0.62 0.09 0.01 0.03 0.61 0.64 0.10 0.05 0.03 0.05
2 2
0.00 0.50
16 10
0.46 0.67 0.62 0.63 0.40 0.42 0.44 0.46 0.59 0.73 0.40 0.57 0.43 0.75 0.75 0.69
8 2
0.00 1.00 1.00 0.00 0.00 1.00 0.00 1.00
16 8
0.02 0.00 0.03 0.00 0.00 0.41 0.00 0.25 0.14 0.00 0.01 0.43 0.01 0.06 0.14 0.23
4 4
0.00 0.00 1.00 1.00
16 2
0.49 0.51 0.49 0.49 0.49 0.49 0.51 0.51 0.50 0.50 0.49 0.49 0.50 0.51 0.49 0.50
16 6
0.87 0.95 0.50 0.31 0.41 0.51 0.40 0.44 0.85 0.63 0.38 0.90 0.88 0.86 0.42 0.64
4 2
0.00 1.00 0.00 0.00
16 6
0.66 0.52 0.58 0.57 0.67 0.56 0.56 0.47 0.54 0.51 0.57 0.67 0.50 0.52 0.50 0.63
16 4
0.04 0.63 0.62 0.00 0.65 0.65 0.60 0.67 0.60 0.61 0.60 0.60 0.09 0.68 0.05 0.64
16 8
0.02 0.99 0.01 0.01 0.89 0.56 0.02 0.02 0.01 0.76 0.80 0.60 0.77 0.84 0.02 0.00
4 2
1.00 0.00 1.00 0.98
2 2
0.00 0.00
2 2
0.05 0.45
16 6
0.63 0.09 0.62 0.62 0.65 0.63 0.64 0.67 0.70 0.69 0.68 0.06 0.06 0.61 0.05 0.61
4 2
0.02 0.00 0.00 0.00
8 6
1.00 1.00 1.00 1.00 1.00 1.00 1.00 1.00
16 6
0.39 0.42 0.68 0.45 0.32 0.67 0.59 0.35 0.54 0.54 0.62 0.41 0.61 0.70 0.38 0.63
16 14
0.34 0.40 0.70 0.59 0.66 0.57 0.33 0.61 0.51 0.50 0.39 0.47 0.36 0.52 0.56 0.53
8 6
1.00 0.00 1.00 1.00 0.00 1.00 0.00 0.00
4 4
0.50 0.50 0.50 0.50
8 6
0.00 1.00 0.00 1.00 1.00 1.00 0.00 1.00
4 2
0.00 0.00 0.00 0.00
16 6
0.98 0.99 0.99 0.98 1.00 1.00 1.00 0.98 0.99 0.99 0.99 0.99 1.00 0.99 1.00 1.00
16 4
0.60 0.10 0.02 0.02 0.01 0.09 0.65 0.05 0.06 0.61 0.08 0.01 0.03 0.06 0.64 0.00
16 14
0.01 0.02 0.00 0.00 0.00 0.00 0.01 0.02 0.00 0.02 0.01 0.00 0.02 0.00 0.02 0.00
16 8
0.99 0.98 0.02 0.01 1.00 0.95 0.91 0.03 0.03 0.00 0.96 0.99 0.03 0.92 0.00 0.05
4 2
0.00 0.00 0.02 1.00
16 8
0.69 0.56 1.00 0.98 0.64 0.90 0.98 1.00 0.92 1.00 0.95 0.60 0.98 0.99 1.00 0.71
2 2
0.00 1.00
16 2
0.60 0.32 0.58 0.34 0.61 0.37 0.31 0.48 0.68 0.54 0.62 0.59 0.32 0.47 0.40 0.32
2 2
1.00 1.00
16 14
0.99 0.98 0.98 0.98 0.99 0.99 0.99 0.99 0.98 1.00 0.99 0.98 1.00 1.00 0.98 0.99
16 8
0.62 0.61 0.08 0.02 0.10 0.07 0.03 0.00 0.00 0.02 0.68 0.00 0.02 0.64 0.00 0.07
16 2
0.87 0.72 0.56 0.68 0.61 0.22 0.08 0.31 0.51 0.55 0.84 0.07 0.22 0.05 0.93 0.59
3 2
0.00 1.00 0.00
16 6
0.53 0.53 0.52 0.52 0.51 0.50 0.50 0.49 0.51 0.53 0.50 0.49 0.53 0.53 0.51 0.53
16 8
0.98 0.90 1.00 0.99 0.99 0.88 0.51 0.98 0.98 1.00 0.98 0.99 0.63 0.57 0.80 0.53
16 14
0.62 0.61 0.63 0.08 0.70 0.67 0.62 0.68 0.60 0.05 0.67 0.05 0.61 0.65 0.07 0.68
12 12
0.85 0.04 0.06 0.77 0.25 0.83 0.84 0.42 0.08 0.68 0.52 0.50
16 10
0.03 0.02 0.65 0.65 0.10 0.69 0.08 0.06 0.07 0.06 0.07 0.08 0.08 0.00 0.00 0.61
16 8
0.30 0.98 0.98 0.99 0.99 0.22 0.99 0.98 0.08 0.43 0.22 0.39 0.03 1.00 0.98 0.14
16 6
0.00 0.00 0.01 0.01 0.01 0.02 0.02 0.01 0.01 0.01 0.00 0.02 0.02 0.01 0.02 0.00
16 10
1.00 1.00 0.99 0.98 0.98 0.98 0.99 1.00 1.00 0.98 1.00 0.99 0.98 1.00 0.99 0.98
3 2
0.50 0.80 0.10
16 10
0.22 0.25 0.57 0.47 0.41 0.55 0.24 0.38 0.63 0.27 0.43 0.55 0.37 0.22 0.66 0.38
8 4
1.00 1.00 0.00 1.00 1.00 1.00 0.00 1.00
16 12
0.63 0.62 0.06 0.65 0.04 0.66 0.66 0.65 0.60 0.60 0.67 0.09 0.65 0.60 0.65 0.07
16 8
0.99 1.00 0.99 0.42 0.17 0.06 0.06 0.18 1.00 0.29 1.00 0.98 0.98 0.36 0.10 0.98
