100
2 2
0.50 0.50
4 2
0.00 0.00 1.00 1.00
3 2
0.50 0.75 1.00
16 10
0.50 0.47 0.44 0.44 0.51 0.59 0.53 0.57 0.49 0.53 0.47 0.53 0.51 0.42 0.52 0.58
8 2
1.00 1.00 1.00 1.00 1.00 1.00 1.00 1.00
4 2
0.00 1.00 0.98 1.00
16 6
0.39 0.56 0.42 0.31 0.63 0.31 0.64 0.46 0.33 0.34 0.50 0.49 0.46 0.45 0.33 0.47
8 4
1.00 1.00 1.00 1.00 1.00 1.00 1.00 1.00
16 8
0.24 0.06 0.39 0.08 0.02 0.94 0.02 0.04 0.03 0.07 0.08 0.29 0.79 0.04 0.00 0.26
16 8
0.01 0.00 0.10 0.61 0.06 0.61 0.04 0.09 0.08 0.07 0.08 0.66 0.05 0.03 0.07 0.65
3 2
0.00 1.00 0.00
8 4
1.00 0.00 0.00 1.00 1.00 1.00 1.00 0.00
2 2
0.00 0.00
12 8
0.01 0.23 0.56 0.68 0.51 0.71 0.40 0.40 0.02 0.68 0.31 0.38
8 2
1.00 0.00 1.00 1.00 1.00 1.00 0.00 0.00
16 8
0.92 0.10 0.10 0.01 0.08 0.10 0.02 0.97 0.93 0.95 0.98 0.03 0.94 0.09 0.90 0.95
16 6
0.64 0.03 0.68 0.61 0.02 0.60 0.66 0.64 0.62 0.64 0.07 0.00 0.68 0.66 0.64 0.60
16 14
0.68 0.89 0.50 0.90 0.53 0.20 0.23 0.65 0.53 0.90 0.97 0.70 0.56 0.41 0.38 0.95
16 10
0.57 0.51 0.47 0.51 0.45 0.55 0.45 0.53 0.58 0.57 0.58 0.50 0.55 0.57 0.45 0.57
12 4
0.00 0.12 0.83 0.63 0.06 0.20 1.00 0.74 0.45 0.78 0.36 0.26
8 4
1.00 1.00 1.00 1.00 0.00 1.00 1.00 1.00
16 10
0.45 0.61 0.45 0.55 0.57 0.61 0.68 0.39 0.48 0.55 0.58 0.67 0.39 0.49 0.39 0.61
16 10
0.99 0.99 0.98 1.00 0.98 0.98 0.99 0.99 0.98 0.98 1.00 0.99 1.00 0.98 0.98 0.99
16 8
1.00 0.98 0.99 0.65 1.00 0.95 0.96 0.57 1.00 0.50 0.63 0.65 0.99 0.99 0.99 0.87
16 10
0.39 0.51 0.29 0.41 0.50 0.43 0.44 0.52 0.54 0.53 0.28 0.45 0.53 0.56 0.53 0.37
16 12
0.00 0.60 0.06 0.08 0.60 0.05 0.05 0.62 0.09 0.01 0.01 0.09 0.01 0.02 0.03 0.69
8 6
1.00 1.00 1.00 1.00 1.00 1.00 1.00 1.00
8 2
1.00 0.00 1.00 1.00 1.00 1.00 0.00 1.00
16 4
0.08 0.00 0.10 0.00 0.62 0.63 0.60 0.02 0.01 0.09 0.06 0.00 0.05 0.06 0.04 0.65
4 2
1.00 1.00 0.00 1.00
16 2
0.48 0.32 0.43 0.22 0.67 0.18 0.60 0.74 0.09 0.63 0.14 0.86 0.50 0.31 0.04 0.96
16 10
0.32 0.43 0.67 0.62 0.40 0.64 0.61 0.69 0.60 0.49 0.62 0.47 0.48 0.33 0.55 0.39
16 8
0.98 0.90 0.99 0.80 0.99 1.00 0.99 0.75 0.99 0.99 0.76 0.72 1.00 1.00 0.99 0.55
8 6
0.00 1.00 1.00 1.00 1.00 1.00 1.00 1.00
16 8
0.98 0.20 0.12 1.00 0.24 0.13 1.00 0.99 0.25 1.00 0.04 1.00 0.99 0.99 0.49 0.02
16 2
0.08 0.62 0.69 0.62 0.60 0.67 0.62 0.62 0.02 0.61 0.63 0.00 0.60 0.62 0.04 0.62
3 2
0.30 0.80 0.50
3 2
0.50 0.50 0.50
16 8
1.00 0.01 0.54 0.02 0.00 0.86 0.01 0.52 0.00 0.00 0.01 0.98 0.75 0.76 0.02 0.73
16 10
0.00 0.01 0.00 0.00 0.01 0.01 0.01 0.00 0.02 0.01 0.02 0.02 0.01 0.01 0.01 0.00
16 8
0.70 0.65 0.07 0.61 0.03 0.62 0.61 0.65 0.63 0.61 0.69 0.63 0.09 0.10 0.60 0.60
16 8
0.31 0.02 0.02 0.00 0.02 0.17 0.43 0.01 0.45 0.02 0.18 0.01 0.16 0.02 0.29 0.01
4 4
1.00 0.00 1.00 0.00
8 2
1.00 1.00 0.00 0.00 0.00 0.00 1.00 1.00
16 10
0.50 0.49 0.50 0.50 0.51 0.50 0.50 0.51 0.50 0.51 0.49 0.51 0.51 0.51 0.49 0.51
2 2
1.00 0.00
16 2
0.65 0.31 0.46 0.49 0.36 0.39 0.34 0.50 0.62 0.46 0.53 0.30 0.35 0.37 0.62 0.41
16 8
1.00 0.99 1.00 0.30 0.36 0.99 0.40 0.99 0.14 1.00 0.48 0.03 0.19 1.00 0.98 0.17
16 2
0.05 0.65 0.62 0.67 0.08 0.04 0.10 0.00 0.09 0.70 0.06 0.05 0.00 0.01 0.06 0.01
16 14
0.62 0.60 0.62 0.63 0.69 0.07 0.67 0.66 0.06 0.06 0.63 0.02 0.66 0.64 0.64 0.64
16 14
0.07 0.09 0.03 0.07 0.63 0.60 0.01 0.00 0.63 0.08 0.06 0.00 0.01 0.00 0.61 0.04
8 4
1.00 1.00 1.00 1.00 1.00 0.00 0.00 1.00
4 2
1.00 0.00 0.00 0.00
16 8
0.02 0.24 0.16 0.22 0.00 0.15 0.00 0.00 0.01 0.11 0.02 0.12 0.01 0.10 0.00 0.48
4 2
1.00 0.02 0.00 0.00
3 2
0.40 0.50 0.60
16 6
0.02 0.01 0.01 0.01 0.02 0.02 0.01 0.01 0.00 0.01 0.00 0.00 0.02 0.00 0.00 0.02
3 2
0.02 0.01 0.04
16 10
0.08 0.03 0.05 0.01 0.06 0.07 0.61 0.09 0.61 0.63 0.04 0.06 0.00 0.05 0.07 0.64
8 2
1.00 1.00 1.00 1.00 0.00 1.00 1.00 1.00
16 10
0.39 0.67 0.55 0.68 0.55 0.61 0.39 0.45 0.61 0.57 0.58 0.61 0.49 0.48 0.45 0.38
2 2
0.05 0.45
16 8
0.03 0.07 0.90 1.00 0.10 0.02 0.92 0.93 1.00 0.04 0.91 1.00 0.04 0.04 0.94 0.08
8 4
1.00 0.00 0.00 0.00 1.00 1.00 1.00 0.00
16 12
0.67 0.64 0.00 0.05 0.09 0.66 0.67 0.61 0.63 0.60 0.63 0.70 0.61 0.64 0.69 0.05
16 10
0.26 0.70 0.96 0.81 0.66 0.88 0.24 0.33 0.50 0.15 0.39 0.41 0.77 0.51 0.16 0.54
4 2
0.01 0.01 0.98 0.99
4 2
0.00 0.02 0.00 0.00
4 2
0.00 0.00 0.00 0.00
16 10
0.44 0.28 0.29 0.53 0.43 0.56 0.51 0.53 0.39 0.53 0.54 0.49 0.52 0.45 0.41 0.37
16 10
0.57 0.45 0.58 0.51 0.55 0.51 0.58 0.45 0.53 0.57 0.51 0.57 0.45 0.57 0.55 0.47
16 6
0.31 0.34 0.43 0.31 0.86 0.58 0.97 1.00 0.14 0.14 0.74 0.15 0.13 0.23 0.40 0.02
16 14
0.50 0.50 0.50 0.49 0.50 0.49 0.50 0.49 0.51 0.49 0.51 0.50 0.50 0.51 0.51 0.51
16 10
0.60 0.03 0.68 0.64 0.09 0.63 0.64 0.09 0.60 0.70 0.63 0.00 0.68 0.61 0.69 0.60
8 6
1.00 0.00 0.00 1.00 1.00 0.00 0.00 1.00
12 8
0.82 0.04 0.92 0.88 0.25 0.45 0.26 0.29 0.27 0.09 0.94 0.68
3 2
0.50 0.10 0.80
16 14
0.68 0.69 0.51 0.46 0.53 0.62 0.65 0.66 0.59 0.59 0.44 0.33 0.34 0.57 0.44 0.66
16 14
0.01 0.00 0.00 0.00 0.00 0.02 0.02 0.00 0.00 0.02 0.00 0.02 0.01 0.01 0.00 0.01
16 8
0.06 0.00 0.93 0.05 0.98 0.22 0.05 0.60 0.01 0.01 0.10 0.01 0.06 0.63 0.58 0.04
16 2
1.00 1.00 0.98 0.98 0.99 0.98 1.00 1.00 0.99 0.98 0.98 0.98 1.00 1.00 0.99 0.99
2 2
0.00 0.50
16 10
0.49 0.49 0.50 0.52 0.52 0.52 0.51 0.49 0.53 0.50 0.51 0.52 0.50 0.50 0.51 0.52
8 6
1.00 1.00 1.00 1.00 0.00 0.00 1.00 1.00
2 2
1.00 1.00
16 6
0.61 0.05 0.07 0.07 0.63 0.00 0.60 0.10 0.10 0.10 0.03 0.04 0.65 0.06 0.07 0.08
16 2
0.01 0.01 0.01 0.01 0.01 0.01 0.02 0.00 0.00 0.01 0.02 0.00 0.02 0.00 0.02 0.01
8 6
1.00 0.00 1.00 1.00 0.00 1.00 1.00 0.00
16 2
0.49 0.50 0.50 0.50 0.51 0.51 0.49 0.51 0.49 0.51 0.51 0.49 0.49 0.50 0.49 0.49
16 14
0.99 0.98 1.00 1.00 0.99 1.00 0.99 0.99 0.98 1.00 0.99 0.98 1.00 0.98 0.98 0.99
16 4
0.04 0.66 0.67 0.04 0.69 0.64 0.61 0.05 0.65 0.63 0.65 0.60 0.60 0.07 0.64 0.66
4 4
0.50 0.50 0.50 0.50
16 8
0.01 0.02 0.02 0.62 0.62 0.96 0.68 0.50 0.99 0.02 0.95 0.00 0.01 0.02 0.02 0.50
16 10
0.52 0.49 0.50 0.50 0.51 0.50 0.50 0.52 0.49 0.52 0.49 0.51 0.51 0.52 0.52 0.52
4 4
0.99 0.01 0.01 0.98
16 10
0.47 0.51 0.47 0.42 0.49 0.53 0.52 0.44 0.57 0.57 0.53 0.44 0.51 0.59 0.50 0.53
16 6
0.49 0.50 0.49 0.49 0.49 0.50 0.50 0.50 0.51 0.49 0.49 0.49 0.51 0.49 0.49 0.50
16 8
0.92 0.08 0.98 0.06 0.92 1.00 0.08 0.06 0.10 0.10 0.99 0.05 0.95 0.07 0.94 0.90
16 8
0.06 0.62 0.00 0.15 0.13 0.65 0.99 0.10 0.74 0.04 0.00 0.43 0.05 0.06 0.07 0.00
16 6
0.99 0.98 1.00 0.99 1.00 0.98 0.99 0.99 0.98 0.98 1.00 0.98 0.98 1.00 1.00 0.99
