7
2 2
0.50 0.50
4 2
0.00 0.00 1.00 1.00
3 2
0.75 1.00 0.50
6 4
0.00 1.00 0.9 0.1 0.6 0.4
16 2
0.99 0.99 0.99 0.98 0.98 0.98 0.99 1.00 0.99 1.00 0.99 0.99 0.99 0.98 1.00 0.98
16 8
0.48 0.11 0.25 0.40 1.00 0.99 0.99 0.19 0.99 0.99 0.07 1.00 1.00 0.99 0.34 0.48
16 20
0.66 0.04 0.00 0.65 0.66 0.62 0.05 0.65 0.69 0.69 0.67 0.61 0.62 0.63 0.07 0.68 0.66 0.04 0.00 0.65 0.66 0.62 0.05 0.65 0.69 0.69 0.67 0.61 0.62 0.63 0.07 0.68 0.66 0.04 0.00 0.65 0.66 0.62 0.05 0.65 0.69 0.69 0.67 0.61 0.62 0.63 0.07 0.68 0.66 0.04 0.00 0.65 0.66 0.62 0.05 0.65 0.69 0.69 0.67 0.61 0.62 0.63 0.07 0.68 0.66 0.04 0.00 0.65 0.66 0.62 0.05 0.65 0.69 0.69 0.67 0.61 0.62 0.63 0.07 0.68 0.66 0.04 0.00 0.65 0.66 0.62 0.05 0.65 0.69 0.69 0.67 0.61 0.62 0.63 0.07 0.68 0.66 0.04 0.00 0.65 0.66 0.62 0.05 0.65 0.69 0.69 0.67 0.61 0.62 0.63 0.07 0.68 0.66 0.04 0.00 0.65 0.66 0.62 0.05 0.65 0.69 0.69 0.67 0.61 0.62 0.63 0.07 0.68 0.66 0.04 0.00 0.65 0.66 0.62 0.05 0.65 0.69 0.69 0.67 0.61 0.62 0.63 0.07 0.68 0.66 0.04 0.00 0.65 0.66 0.62 0.05 0.65 0.69 0.69 0.67 0.61 0.62 0.63 0.07 0.68 0.66 0.04 0.00 0.65 0.66 0.62 0.05 0.65 0.69 0.69 0.67 0.61 0.62 0.63 0.07 0.68 0.66 0.04 0.00 0.65 0.66 0.62 0.05 0.65 0.69 0.69 0.67 0.61 0.62 0.63 0.07 0.68