100
4 4 9
1 16 1
15 1 1
3 5 10
15 1 6
3 5 15
1 15 6
5 3 10
15 1 15
3 5 13
2 5 4
5 3 2
1 16 16
3 5 2
16 1 16
3 4 8
3 5 4
7 2 8
15 1 0
8 2 4
1 7 7
5 3 1
1 15 7
2 2 3
2 4 3
2 5 10
16 1 1
5 3 5
3 5 0
1 15 15
11 1 7
1 7 6
1 1 1
5 3 9
5 3 11
1 9 6
1 16 9
15 1 8
3 2 2
3 3 8
1 1 0
2 7 13
5 3 3
5 3 8
3 3 2
2 4 2
3 3 7
9 1 6
16 1 0
3 3 1
1 14 9
5 3 13
3 5 12
5 3 14
3 5 9
16 1 8
16 1 9
4 4 16
4 4 1
5 2 10
2 7 8
3 4 12
2 2 4
15 1 7
5 3 4
1 15 8
3 5 11
5 3 0
3 5 6
1 15 0
5 3 12
3 5 3
3 5 7
3 5 8
4 3 12
2 5 1
3 5 5
7 2 7
5 2 8
1 13 7
4 4 0
1 16 8
1 12 8
3 5 14
16 1 7
4 4 8
4 4 7
1 6 0
4 4 11
4 4 6
5 3 6
3 3 9
3 2 4
5 3 7
3 5 1
1 15 1
1 16 0
3 4 5
5 3 15
1 16 7
