100
723 365 167
1 4 1
4 5 2
652 890 488
536870911 536870911 536870910
1 2 4
438931912 725388499 740551853
552325563 703313274 632578307
332 652 898
228 27 13
222 430 18
513 513 512
589635203 871645676 866279713
800 360 300
253 316 162
636705893 607276196 724280844
45 56 35
16 368 9
929 463 384
4 4 3
708 331 266
808623593 736574424 947853128
764 35 592
1 4 3
4 5 2
317764689 691315034 808874589
512 512 1
617 645 977
838 88 68
2 4 2
1000000000 1000000000 1000000000
3 2 4
4 5 4
1 2 5
659 917 728
512 512 256
232 563 59
304 421 990
82611514 458724932 148630822
785 491 80
536870911 536870911 536870911
429 679 35
279998955 257690334 294600709
838 425 612
1 5 1
429 313 545
512 512 2
30 708 539
3 4 2
616 590 74
307 421 153
386 418 301
141 139 43
507 53 47
902 780 16
571 411 648
119521889 203528721 992851095
458 420 407
513 513 256
78782491 96156948 568975130
2 3 3
3 5 2
532 714 258
4 4 4
465 370 72
513 513 257
901 207 117
295 175 17
401 505 216
285 184 85
7 8 5
4 3 3
402 976 288
4 3 2
103 143 88
829 771 205
3 3 2
1 1 1000
635269961 101773207 862791009
79 596 24
516 612 207
5 4 2
4 1 1
512 512 257
259353871 369964280 680201083
650 499 357
68 694 811
512 512 513
1 3 1
513 513 1
892287438 770399523 820639932
564 91 10
1000 1000 1
876 454 264
132721056 178725978 271364276
913591192 665435043 735974629
1 1 1
513 513 2
1 4 1
972 664 485
