100
1 1 1
482 491 56
103 143 88
513 513 257
167 837 3
3 3 2
575 753 901
207 630 27
3 5 2
936 570 769
802 131 72
842 471 730
45 56 35
692 997 313
287 41 973
651 803 752
131 873 78
118 52 40
420 596 879
567 364 198
4 3 5
3 4 2
4 1 4
513 513 2
155 326 27
787 675 945
2 2 5
35 583 24
1 1 1000
205 37 658
390 498 391
884 919 314
487 8 565
942 785 220
291 4 25
3 2 2
436 54 53
2 4 2
798 181 703
586 209 850
5 5 5
292 760 220
4 5 4
250 573 80
512 512 2
276 539 854
5 3 2
2 3 2
304 904 426
559 623 669
3 5 4
995 766 635
5 5 4
1 4 1
20 837 3
4 3 3
975 390 812
512 512 257
436 791 32
719 571 444
512 512 513
513 513 256
221 859 53
290 917 281
290 527 657
162 202 45
930 559 742
839 3 868
685 660 222
283 178 132
512 512 256
923 971 792
4 2 2
565 285 2
287 510 565
5 4 4
830 367 220
7 8 5
227 672 112
659 169 14
512 512 1
4 3 3
13 558 11
984 196 291
201 785 373
494 388 795
83 995 74
416 170 907
1000 1000 1
61 704 56
178 43 1
997 131 17
513 513 512
486 96 19
513 513 1
3 4 3
4 5 2
722 942 684
3 4 2
442 738 306
