100
45 56 35
2 5 2
923 732 736
959 531 840
1 1 1
569 346 645
803 947 531
4 1 1
173 210 311
610 44 422
325 485 88
960 932 688
791 160 152
66 332 43
862 713 465
1 5 1
97 496 335
5 2 2
58 123 732
4 1 4
610 839 779
6 261 6
512 512 256
738 68 256
932 70 36
3 5 3
141 186 704
5 5 5
79 476 57
512 512 257
796 42 11
513 513 2
578 559 257
4 1 3
4 5 2
270 546 139
4 3 2
800 582 697
119 686 16
196 58 600
99 386 363
512 512 2
175 836 664
463 223 144
539 393 6
838 937 818
527 488 444
249 906 629
103 143 88
1 4 1
932 596 390
100 91 11
1 1 1000
1 4 2
756 47 10
843 541 333
770 417 342
989 729 818
3 4 3
672 110 332
652 716 812
513 513 512
3 4 2
1000 1000 1
271 381 214
377 816 323
3 2 1
2 3 2
907 443 278
512 512 513
1 5 1
395 699 101
1 5 4
3 1 1
78 817 15
3 4 5
3 4 2
760 626 904
7 8 5
615 192 45
512 512 1
929 538 870
513 513 1
303 894 385
743 790 470
485 604 481
231 734 145
130 987 87
513 513 257
132 771 7
308 810 393
311 640 799
554 512 946
960 182 368
120 739 110
3 4 3
40 69 17
219 95 49
513 513 256
26 862 23
