100
1
19
23
504030200000
777770000001
3020000000
777700700000
1010001
87654321098765
7777777777
200000001
34359738368
999998
100100000
67108864
100010000
10000000000000
777700000001
777707000000
268435456
21098765432109
77777777777
1099511627776
4398046511104
77777777
11111110000001
10010000
78901234567890
34567890123456
20000000000001
8589934592
999989
7777777777777
777700700001
54321098765432
10010001
45678901234567
43210987654321
99999999999999
1010000
536870912
23456789012345
10001000
100010001
134217728
16777216
9999999999999
777707000001
777770000000
777700070001
777777777
200000000
1000001
33554432
89012345678901
90123456789012
777777777777
777700000000
10987654321098
137438953472
999991
999990
8796093022208
32109876543210
17179869184
70368744177664
35184372088832
77777777777777
549755813888
504030200001
11111110000000
2199023255552
12345678901234
65432109876543
10000000000001
9999999
1000000
76543210987654
40302000001
2147483648
19999999999999
56789012345678
999999
17592186044416
20000000000000
68719476736
100000000000000
10000000
10001001
98765432109876
274877906944
777700007000
100100001
67890123456789
3020000001
1073741824
777700007001
40302000000
4294967296
777700070000
