100
1
19
23
1000000
90
65536
100000
10
2200
11011
2100
8192
10110
11000
10001
901
10000
999001
1100
262144
200
2101
765432
1001
21
999991
99
2201
77777
999999
1111
990000
110
1101
111
20
999989
11010
22
102
999901
999000
890123
32
11100
4096
876543
10101
999990
999900
201
990001
2002
10999
11110
2001
11111
101000
10100
1999
900001
91
19
900000
100001
999
1099
9999
989999
1998
109876
899999
1000
101
12001
999899
99001
30
99000
199
32768
100
101001
1110
998999
11101
12
12000
31
234567
10010
11001
11
999998
10111
10011
2000
29
900
9
