100
9 481
10 1014
10 1
6 3
3 4
9 257
6 33
8 13
6 3
8 135
9 256
2 3
9 497
10 542
4 13
4 7
8 252
6 64
8 1
7 45
10 1023
8 1
7 127
8 16
1 2
10 1024
9 490
3 5
3 3
7 127
9 495
7 112
3 3
10 429
1 1
10 511
8 15
8 59
2 4
5 17
5 10
6 49
10 20
5 3
7 73
5 28
9 249
6 26
9 456
4 2
6 33
10 197
3 4
5 15
5 8
6 32
6 10
7 65
9 8
10 118
3 3
6 23
7 108
10 897
8 74
6 10
8 255
9 398
9 481
10 768
10 128
8 240
4 3
5 12
8 247
10 129
7 127
2 4
10 1011
8 13
7 14
6 22
10 3
5 15
6 1
10 512
7 98
7 126
5 16
9 512
4 8
6 16
8 15
8 225
10 513
10 976
8 25
6 1
7 87
10 59
