100
7 124
7 48
10 14
10 1010
3 3
3 6
10 930
7 107
8 254
5 15
1 1
9 127
9 1
9 505
5 32
8 128
10 127
10 513
8 239
7 97
9 484
3 4
10 512
5 31
9 482
3 2
8 243
6 32
4 15
2 4
6 63
6 57
5 28
10 117
10 897
4 13
9 9
7 1
5 31
4 3
6 33
9 7
7 10
10 511
8 201
9 128
9 497
9 498
9 32
4 8
7 115
10 195
7 1
3 3
10 1
6 33
8 172
9 459
8 129
10 8
8 22
6 31
5 4
10 520
1 2
9 385
6 55
5 14
9 255
10 1023
3 5
8 31
5 22
9 329
10 862
3 4
9 31
5 24
9 10
10 979
8 255
6 30
10 1024
6 25
10 49
6 1
8 129
3 3
6 64
8 256
10 1020
8 50
9 489
10 9
7 2
8 3
7 86
4 8
6 33
3 5
