25
3 10
4 6 3
1 3 2 1 3
5 3 5 4 3
4 0
5 5 4 5 6 3 1
3 1 4
3 3 5 5 6
6 1 5
1 5 3 5 1 1 6
5 0
4 7 4 2 5 4 5 4 4
1 15
2
1 1 1
1 1 2
1 0
1 1 3
1 1 3
1 1 3
2 2 3 1
3 1 3
2 2 3 3
1 1 3
2 3 1 3 1
1 1 1
3 3 2 2 1
3 3 1 2 1
3 0
23 5
1 4 1 4 1 2 3 4 2 3 1 2 4 3 1 2 2 2 2 4 3 4 3
3 0
1 1 1
3 1 4
1 3 2 2 4
2 1 1
10 20
1 2 3 4 5 6 7 8 9 10
8 1 8
7 0
3 0
4 1 4
9 0
1 1 1
10 1 10
6 0
2 1 2
4 0
5 1 5
9 1 9
1 0
10 0
7 1 7
8 0
6 1 6
3 1 3
5 0
2 0
1 20
3
3 3 4 3 3
4 1 2
2 0
1 0
4 4 3 2 1 2
3 4 2 4 4 2
3 2 1 2
3 2 2 1
3 1 2
2 1 1
2 1 1
2 1 1
2 2 3 1
4 2 4 3
4 1 2
1 3 4 3 1
4 3 3 3 2
2 1 3
2 2 1 2
4 3 1 3 3
1 20
2
1 1 1
3 1 1
1 1 2
2 1 3
2 4 3 3 2 1
2 2 1 2
3 0
1 2 2 1
1 3 1 1 1
1 1 2
2 2 1 3
3 1 2
2 0
1 0
1 0
3 1 3
2 0
3 1 3
1 0
2 1 3
3 10
1 2 2
2 3 1 1 2
1 1 1
1 2 1 2
1 1 1
1 1 2
1 0
2 3 1 2 1
2 2 2 2
2 1 2
2 0
1 1
2
2 3 1 2 3
3 15
2 1 2
1 2 2 2
1 0
3 5 2 1 3 1 3
3 1 3
3 1 3
1 2 1 3
2 0
1 0
2 0
3 0
1 0
2 0
2 2 1 2
1 2 1 3
1 1 2
20 15
3 3 3 5 1 5 1 1 4 2 1 2 1 2 1 3 5 5 1 5
5 2 3 3
4 2 1 2
4 1 3
5 1 4
5 0
1 0
1 4 1 1 3 2
2 1 4
5 3 1 1 2
4 0
2 2 4 2
2 0
3 2 2 5
4 1 1
1 1 2
2 13
2 2
2 2 2 2
2 1 2
2 3 2 2 2
2 1 2
2 1 2
2 0
2 0
2 0
2 1 2
2 0
2 0
2 0
2 1 2
3 20
1 2 1
1 1 2
2 0
1 0
3 1 3
2 1 3
3 1 3
2 0
2 0
2 1 2
2 3 2 3 2
3 0
1 1 3
1 2 2 1
1 3 3 1 3
3 6 3 1 3 1 3 2
2 3 3 3 1
2 0
2 2 2 1
3 1 1
3 1 1
2 9
13 13
13 0
13 1 13
13 1 13
13 1 13
13 1 13
13 2 13 13
13 1 13
13 0
13 0
2 20
18 14
5 2 3 3
13 2 19 10
7 2 4 18
20 1 11
3 3 1 7 17
4 1 7
12 2 1 9
2 2 5 4
11 1 8
9 1 20
6 4 7 1 9 15
1 1 2
17 1 9
8 1 19
15 2 13 12
19 3 2 6 10
14 2 19 16
10 1 1
18 2 7 5
16 4 1 13 7 4
1 4
1
1 0
1 2 1 3
2 0
3 1 2
2 20
6 15
10 1 13
9 2 19 10
19 2 10 9
7 1 19
11 1 7
17 2 5 11
4 1 17
1 1 4
8 1 1
2 1 8
3 3 17 17 2
16 1 3
20 2 11 16
5 1 20
14 1 5
6 1 14
18 2 2 6
13 1 18
12 2 7 13
15 1 12
1 1
2
1 1 1
3 20
3 2 1
1 1 2
2 0
1 1 1
1 2 2 3
1 0
1 1 3
1 4 2 1 2 1
3 0
1 2 1 2
2 1 2
3 2 2 1
2 0
2 0
3 0
1 2 3 3
1 2 1 1
2 2 1 1
3 2 2 2
1 0
1 0
3 5
1 2 2
2 1 2
1 3 1 2 1
1 0
1 2 2 2
1 0
3 19
1 1 1
1 0
1 0
1 0
1 0
1 0
1 0
1 1 1
1 1 1
1 1 1
1 1 1
1 1 1
1 1 1
1 1 1
1 1 1
1 1 1
1 2 1 1
1 2 1 1
1 2 1 1
1 2 1 1
2 20
4 4
3 3 3 4 2
1 2 2 2
2 3 1 1 2
4 0
2 2 3 2
4 2 4 3
4 2 1 2
1 0
1 3 2 1 2
3 2 4 1
1 2 2 3
1 2 3 1
4 1 2
3 3 3 2 2
4 2 3 2
3 0
3 4 3 1 3 3
1 3 4 2 4
4 1 2
4 0
3 3
1 1 1
1 0
1 0
1 0
1 2
2
2 0
2 1 2
1 1
2
2 0
1 1
2
1 3 1 2 3
